00000000.jpg
C:\Users\henry\Desktop\testing\IMG_8356 (10-22-2016 1-09-29 PM)\IMG_8356 083.jpg
1960.826049
540 960
-0.221222573924 0.661711886289 0.342875875304
0.364192211075 0.684345467267 -0.0583133456604
-1.84154237795 0.451573055663 -1.21083462457
0.431295855913 -0.738513038279 0.181094170482 -0.485580548213
0.462834068844 0.151377257996 0.873424920987
-0.686338254629 -0.562377999841 0.461163810854
0.561004259951 -0.812906640935 -0.156391607693
-0.0433730054787
0 0 0

00000001.jpg
C:\Users\henry\Desktop\testing\IMG_8356 (10-22-2016 1-09-29 PM)\IMG_8356 086.jpg
1987.92126465
540 960
-1.34915121585 0.377505258086 0.577893951313
1.15057823634 0.800471406261 0.576276968191
-1.99285382832 0.224487866871 -0.571982878792
0.503875258979 -0.825430200897 0.0929817643511 -0.236912479903
0.870453851369 0.0852488114815 0.484813272332
-0.392248537185 -0.474928368463 0.787770423024
0.297408429961 -0.875885001961 -0.379964376461
-0.0421936418699
0 0 0

00000002.jpg
C:\Users\henry\Desktop\testing\IMG_8356 (10-22-2016 1-09-29 PM)\IMG_8356 084.jpg
1983.27429199
540 960
-0.539947780601 0.694839246065 0.325134213653
0.608264159596 0.710733270132 0.0702007803893
-1.91949418504 0.365036420317 -0.966147865613
0.462613732836 -0.780721436474 0.148472321853 -0.39296412324
0.647071989294 0.13175005147 0.750959399902
-0.595412348222 -0.527889852278 0.605657462535
0.476218059762 -0.839032369597 -0.26313627378
-0.0382002408107
0 0 0

00000003.jpg
C:\Users\henry\Desktop\testing\IMG_8356 (10-22-2016 1-09-29 PM)\IMG_8356 085.jpg
1981.89208984
540 960
-0.903416710061 0.523881634413 0.468120780845
0.781529176261 0.767525887056 0.331459579294
-1.95469096747 0.283246226441 -0.755443701847
0.491204673852 -0.805156249177 0.116671879632 -0.311174619193
0.779116645823 0.117822833651 0.61570778905
-0.493578875676 -0.490211468414 0.718382164006
0.386468698721 -0.863603887101 -0.323777050954
-0.0409499981619
0 0 0

00000004.jpg
C:\Users\henry\Desktop\testing\IMG_8356 (10-22-2016 1-09-29 PM)\IMG_8356 087.jpg
1983.12841797
540 960
-1.59281063408 0.261012874155 0.694143596879
1.44990844277 0.824347401801 0.552471295275
-2.01447255773 0.13734813854 -0.350504210248
0.519379005125 -0.840002969444 0.0572719860483 -0.146154672736
0.950717889469 0.0556015502871 0.305032582468
-0.248037123792 -0.453931339296 0.855818881341
0.186049113926 -0.889300744947 -0.417768346314
-0.0437276001838
0 0 0

00000005.jpg
C:\Users\henry\Desktop\testing\IMG_8356 (10-22-2016 1-09-29 PM)\IMG_8356 088.jpg
1997.96325684
540 960
-1.76199906792 0.0219535342511 0.903121961038
1.65402098022 0.904070759109 0.606320913966
-2.0023580491 0.0468680697541 -0.171993494973
0.53597129614 -0.8409105642 0.0196827210786 -0.0722304120191
0.98879016557 0.0443240922312 0.142576763112
-0.110529617971 -0.424694312719 0.898564555419
0.100379269 -0.904251144711 -0.415034931706
-0.0446906760203
0 0 0

00000006.jpg
C:\Users\henry\Desktop\testing\IMG_8356 (10-22-2016 1-09-29 PM)\IMG_8356 089.jpg
1985.65686035
540 960
-1.91080426193 0.0610698582942 1.01044940228
1.85355282102 1.03979106551 0.398866533083
-1.92099336016 0.00306393559842 -0.0804327625922
0.572422892535 -0.819240442231 0.00130666768906 -0.0343019259527
0.997642468851 0.0371293970392 0.0576995867114
-0.0414114336543 -0.344660129628 0.937814817187
0.0547077207188 -0.937993117307 -0.342310467631
-0.0518286180591
0 0 0

00000007.jpg
C:\Users\henry\Desktop\testing\IMG_8356 (10-22-2016 1-09-29 PM)\IMG_8356 090.jpg
1986.06628418
540 960
-1.86332972288 0.210400946898 1.08686903892
1.84255668401 1.14089564492 0.0299217958148
-1.80215136967 -0.0225076294652 -0.00628898614555
0.620707710297 -0.783976260681 -0.0097913235713 -0.00273585000951
0.999792943635 0.0187483387693 -0.00786537339083
0.0119556859888 -0.229252052108 0.973293581387
0.016444826748 -0.97318685739 -0.229428645039
-0.045032499987
0 0 0

00000008.jpg
C:\Users\henry\Desktop\testing\IMG_8356 (10-22-2016 1-09-29 PM)\IMG_8356 091.jpg
1989.33850098
540 960
-1.7715941183 0.36324652537 1.0460035599
1.73437518136 1.11437479366 -0.338707871827
-1.63829785523 -0.0421383252113 0.00182410809314
0.68264510564 -0.730508264286 -0.0187892541712 0.000813360057048
0.999293178388 0.0263407159563 -0.0268414219153
0.0285616610046 -0.0672855504479 0.99732503451
0.024464147679 -0.997386530467 -0.0679902669257
-0.0504433162876
0 0 0

00000009.jpg
C:\Users\henry\Desktop\testing\IMG_8356 (10-22-2016 1-09-29 PM)\IMG_8356 092.jpg
1972.64733887
540 960
-1.583933874 0.601904430378 0.978862574852
1.52865914889 1.0232364735 -0.667453004016
-1.53080025007 -0.0478594679076 -0.0219481376791
0.720791774289 -0.692742311063 -0.0216581349546 -0.00993232371022
0.998865257707 0.0443252904821 -0.0174605632334
0.0156887415625 0.0400194571109 0.999076388682
0.0449834588535 -0.998215449381 0.0392784127126
-0.048815328096
0 0 0

00000010.jpg
C:\Users\henry\Desktop\testing\IMG_8356 (10-22-2016 1-09-29 PM)\IMG_8356 093.jpg
1955.3347168
540 960
-1.66236982472 0.697425268209 0.964384926603
1.60739042347 0.982933511057 -0.793756369816
-1.4663586498 -0.0431181258184 -0.047851514633
0.742577233573 -0.669115389466 -0.0196752694533 -0.0218351662157
0.998273027473 0.0587581150735 -1.38777878078e-017
-0.00609907421868 0.103615862703 0.994598857366
0.0584416286418 -0.992880562037 0.10379490111
-0.04960709699
0 0 0

00000011.jpg
C:\Users\henry\Desktop\testing\IMG_8356 (10-22-2016 1-09-29 PM)\IMG_8356 082.jpg
1970.02319336
540 960
0.252203208288 0.573586593292 0.462276259703
0.0644966671537 0.663775518686 -0.401931242185
-1.76164632662 0.519461134801 -1.40606572287
0.402518225438 -0.697185474062 0.20558085471 -0.55646163634
0.296175457063 0.161316342298 0.941413200142
-0.734627459238 -0.591431626701 0.332464167415
0.610413036854 -0.790055271867 -0.0566601431224
-0.0401784569479
0 0 0

00000012.jpg
C:\Users\henry\Desktop\testing\IMG_8356 (10-22-2016 1-09-29 PM)\IMG_8356 081.jpg
1959.36779785
540 960
0.520536620601 0.568012140389 0.546187124115
0.0112118392945 0.681355301509 -0.653869177677
-1.6720258921 0.575710561966 -1.57708052084
0.37655206338 -0.653720284264 0.225088423571 -0.616599019947
0.138282472794 0.170074229736 0.975681407419
-0.758652303221 -0.61508793406 0.214741469261
0.636651366064 -0.769897418392 0.0439712870099
-0.0452088298729
0 0 0

00000013.jpg
C:\Users\henry\Desktop\testing\IMG_8356 (10-22-2016 1-09-29 PM)\IMG_8356 080.jpg
1959.1262207
540 960
0.700969451484 0.5612744977 0.563860229094
0.0460102231265 0.667010481317 -0.822985011858
-1.61011937199 0.621818590851 -1.69399060963
0.353759033729 -0.622722429558 0.240491724014 -0.65516008715
0.0258576948165 0.164018784025 0.986119317092
-0.763056413446 -0.63403700327 0.125466167243
0.645814837463 -0.755708572604 0.108761124232
-0.0412891589837
0 0 0

00000014.jpg
C:\Users\henry\Desktop\testing\IMG_8356 (10-22-2016 1-09-29 PM)\IMG_8356 079.jpg
1952.83007813
540 960
1.05303533377 0.505961322762 0.592538199977
0.144272043355 0.590681809572 -1.16028506759
-1.49443122007 0.685453721756 -1.82756864936
0.335046418954 -0.57277992048 0.262718098341 -0.700463568742
-0.119335674737 0.168416496433 0.978465658755
-0.770334744825 -0.637446666704 0.01576802544
0.62637462658 -0.751863419381 0.205806752856
-0.0407707047292
0 0 0

00000015.jpg
C:\Users\henry\Desktop\testing\IMG_8356 (10-22-2016 1-09-29 PM)\IMG_8356 078.jpg
1954.22607422
540 960
1.32488566709 0.456166048524 0.652601504982
0.25437562787 0.552659755888 -1.42096941117
-1.40334867902 0.72685838121 -1.93003725249
0.317910927022 -0.533381970703 0.276262885759 -0.73356471464
-0.228874450121 0.171709740411 0.958192792643
-0.761123213436 -0.645223668233 -0.0661761618651
0.606884832189 -0.744447988917 0.278367548435
-0.0396955169835
0 0 0

00000016.jpg
C:\Users\henry\Desktop\testing\IMG_8356 (10-22-2016 1-09-29 PM)\IMG_8356 077.jpg
1953.25073242
540 960
1.47728869287 0.206416360681 0.782899548254
0.222395956406 0.433174721251 -1.61270634113
-1.28453103787 0.758527164511 -2.04643887398
0.29988497992 -0.48388386671 0.285737787993 -0.770895156392
-0.35185079713 0.185831414847 0.917424289791
-0.738888099132 -0.65684544885 -0.15033004015
0.574670406532 -0.730768054758 0.368420250705
-0.0401888335707
0 0 0

00000017.jpg
C:\Users\henry\Desktop\testing\IMG_8356 (10-22-2016 1-09-29 PM)\IMG_8356 076.jpg
1958.46032715
540 960
1.69819406633 0.0944107975457 0.857376166054
0.295571213927 0.321926238006 -1.85387871428
-1.21318967515 0.748723228919 -2.11448792309
0.291410899376 -0.45507780724 0.280852476925 -0.793162476721
-0.415967911405 0.206653395259 0.885588179673
-0.717891367509 -0.672403983455 -0.180293191597
0.558214288103 -0.710751723971 0.42805314396
-0.0333680955618
0 0 0

00000018.jpg
C:\Users\henry\Desktop\testing\IMG_8356 (10-22-2016 1-09-29 PM)\IMG_8356 075.jpg
1953.88305664
540 960
1.86883341219 -0.148819818168 1.12666283994
0.120804666801 0.21562593927 -2.17323868851
-1.17037965811 0.695656232612 -2.18059306237
0.281566211463 -0.436850048012 0.259657160402 -0.813917242487
-0.459765325971 0.231480157919 0.857340130884
-0.685206219727 -0.706597507089 -0.176674877183
0.56489739915 -0.668683729168 0.483480958811
-0.036100717585
0 0 0

00000019.jpg
C:\Users\henry\Desktop\testing\IMG_8356 (10-22-2016 1-09-29 PM)\IMG_8356 074.jpg
1952.91638184
540 960
1.84713958743 -0.343139826643 1.1227398643
-0.0468701776796 -0.0140342546561 -2.18810872127
-1.20686637027 0.604818171094 -2.24213942246
0.259220833549 -0.445373041136 0.223197625545 -0.827422553009
-0.468894848541 0.230156704526 0.85273948061
-0.627783951026 -0.765974402396 -0.138460031051
0.621309582451 -0.600259914904 0.50365101312
-0.0417353466111
0 0 0

00000020.jpg
C:\Users\henry\Desktop\testing\IMG_8356 (10-22-2016 1-09-29 PM)\IMG_8356 094.jpg
1947.67736816
540 960
-1.54890922396 0.971998916717 0.706701702286
1.35441608825 0.651515754134 -1.25873257385
-1.32564895094 -0.175434499813 -0.0488970912184
0.784411215004 -0.614469712196 -0.0813180491965 -0.0226649608457
0.985748085262 0.135492376362 -0.0997199430302
0.0643777784616 0.243826635034 0.967679819287
0.155427216058 -0.96030791482 0.231629096599
-0.0494437043671
0 0 0

00000021.jpg
C:\Users\henry\Desktop\testing\IMG_8356 (10-22-2016 1-09-29 PM)\IMG_8356 073.jpg
1935.13525391
540 960
1.65029445796 -0.692682970065 0.913229069946
-0.262505136117 -0.325895011424 -1.96523575342
-1.28431669765 0.595349856582 -2.27067737809
0.230797527889 -0.467016716321 0.216487362963 -0.82568753866
-0.457256255457 0.178926644507 0.871150074338
-0.583339926417 -0.799731288917 -0.141929437858
0.671291081574 -0.573074652295 0.470057539892
-0.0494084925382
0 0 0

00000022.jpg
C:\Users\henry\Desktop\testing\IMG_8356 (10-22-2016 1-09-29 PM)\IMG_8356 072.jpg
1930.02661133
540 960
1.56945270669 -0.582543299639 0.721655524953
-0.281765691009 -0.339493974407 -1.76880587959
-1.36169789232 0.56874578352 -2.17527997526
0.253692031937 -0.50108382093 0.209289675743 -0.800469478397
-0.369108947849 0.196401290408 0.908396963355
-0.615889623503 -0.783676547819 -0.0808190825621
0.696016470944 -0.589302973372 0.410224083941
-0.0495203371587
0 0 0

00000023.jpg
C:\Users\henry\Desktop\testing\IMG_8356 (10-22-2016 1-09-29 PM)\IMG_8356 071.jpg
1932.34118652
540 960
1.30158039064 -0.428531135887 0.684250416691
-0.392727493608 -0.184376789625 -1.46891580474
-1.42618537345 0.549205032606 -2.08088799845
0.276253844224 -0.530901912287 0.204443270473 -0.774616987524
-0.283654368927 0.21090361248 0.935447439923
-0.645060069939 -0.763774406041 -0.0234023204727
0.709534482348 -0.610057097173 0.352693520761
-0.0490211567026
0 0 0

00000024.jpg
C:\Users\henry\Desktop\testing\IMG_8356 (10-22-2016 1-09-29 PM)\IMG_8356 070.jpg
1929.9630127
540 960
1.09647366414 -0.315265238791 0.55535340474
-0.405399768874 -0.128568215811 -1.19548511152
-1.48996741497 0.526449629775 -1.97355159997
0.301887029156 -0.561831763573 0.198511807008 -0.744180016805
-0.186419865749 0.22625618759 0.956062831115
-0.672376990131 -0.738914663829 0.0437622995601
0.716350272436 -0.6346765884 0.289877643067
-0.0460276682068
0 0 0

00000025.jpg
C:\Users\henry\Desktop\testing\IMG_8356 (10-22-2016 1-09-29 PM)\IMG_8356 069.jpg
1939.99291992
540 960
1.03459371471 -0.272498660622 0.492047431991
-0.459761984309 -0.111328130376 -1.07841278527
-1.58370712686 0.494775501932 -1.87642804185
0.313055091965 -0.600493531845 0.187603808549 -0.711484391903
-0.0828087971551 0.220158236519 0.971943453436
-0.670777010436 -0.733602781656 0.109021087705
0.737022143283 -0.642929143638 0.208425541231
-0.0478503539086
0 0 0

00000026.jpg
C:\Users\henry\Desktop\testing\IMG_8356 (10-22-2016 1-09-29 PM)\IMG_8356 095.jpg
1945.47363281
540 960
-1.44161966318 1.18157731098 0.464254424771
1.1046577762 0.259453885604 -1.54994753442
-1.18479648031 -0.313986572456 -0.0490310148883
0.81773145397 -0.555948926925 -0.147333741218 -0.0230071076056
0.95552705769 0.201447261549 -0.215376963653
0.126192719333 0.3807839393 0.916013555805
0.266540774048 -0.902454141585 0.338427926259
-0.0458468328323
0 0 0

00000027.jpg
C:\Users\henry\Desktop\testing\IMG_8356 (10-22-2016 1-09-29 PM)\IMG_8356 068.jpg
1930.46484375
540 960
0.788528596674 -0.283134723767 0.278709880467
-0.444939018994 -0.167343737337 -0.744075036972
-1.70720143425 0.482919718341 -1.72793924626
0.326406852917 -0.651579326457 0.184313636631 -0.659494227011
0.0621929388169 0.190336619847 0.979746469035
-0.670717120775 -0.718974007552 0.182252171766
0.739101532705 -0.668467657732 0.0829468032593
-0.0441725444996
0 0 0

00000028.jpg
C:\Users\henry\Desktop\testing\IMG_8356 (10-22-2016 1-09-29 PM)\IMG_8356 067.jpg
1941.02380371
540 960
0.379363550743 -0.226703352999 0.209695058756
-0.375252066767 -0.0765216266311 -0.304324043179
-1.82352497812 0.471635993472 -1.59050764961
0.331768768208 -0.697799848932 0.180478758966 -0.608632188173
0.193990034816 0.151974817371 0.969161115018
-0.655725788077 -0.714714377577 0.243326850499
0.729652252819 -0.682705934844 -0.0389935950068
-0.0364187348501
0 0 0

00000029.jpg
C:\Users\henry\Desktop\testing\IMG_8356 (10-22-2016 1-09-29 PM)\IMG_8356 066.jpg
1942.14404297
540 960
0.0693854485348 -0.270333997274 0.308524756604
-0.410894230125 0.011514866167 0.0641531310548
-1.92531516085 0.44770663352 -1.45336367658
0.337310702552 -0.738739448348 0.171784110048 -0.557652639173
0.319027366739 0.122396967251 0.93980870492
-0.630011846745 -0.713423280378 0.306777515094
0.70803022953 -0.689961374206 -0.150490046138
-0.0394766783945
0 0 0

00000030.jpg
C:\Users\henry\Desktop\testing\IMG_8356 (10-22-2016 1-09-29 PM)\IMG_8356 065.jpg
1942.13476563
540 960
-0.229181977323 -0.286550618207 0.328694598988
-0.295614294672 0.042677518329 0.391747768619
-2.01654101059 0.422370397783 -1.32594695693
0.338902170242 -0.774340111709 0.16218779548 -0.509155980146
0.428911785951 0.0939310091495 0.898449763427
-0.596285257502 -0.717680943286 0.359693214067
0.678586579927 -0.690008963387 -0.251812118687
-0.0350302911466
0 0 0

00000031.jpg
C:\Users\henry\Desktop\testing\IMG_8356 (10-22-2016 1-09-29 PM)\IMG_8356 064.jpg
1942.76501465
540 960
-0.469116444427 -0.415664500401 0.428423557655
-0.249231316808 0.0228773788767 0.716766287111
-2.10838945632 0.382927685862 -1.19119803275
0.338141597242 -0.809310859262 0.146987803203 -0.457244509807
0.538645182212 0.0713090967058 0.839509806864
-0.5471444588 -0.728109981636 0.412904763639
0.640699044663 -0.681741902826 -0.353176241435
-0.0382141434576
0 0 0

00000032.jpg
C:\Users\henry\Desktop\testing\IMG_8356 (10-22-2016 1-09-29 PM)\IMG_8356 063.jpg
1939.22094727
540 960
-0.722793279019 -0.414977472059 0.437366238302
-0.0324409347068 0.0217219727837 0.940426204864
-2.17244315977 0.373986728491 -1.08407411241
0.335867753468 -0.832978145914 0.143397432653 -0.415665671219
0.613317943049 0.0403231313231 0.788806165296
-0.518111649423 -0.733259809488 0.440329388263
0.596155871063 -0.678752605963 -0.428829542281
-0.0335466320694
0 0 0

00000033.jpg
C:\Users\henry\Desktop\testing\IMG_8356 (10-22-2016 1-09-29 PM)\IMG_8356 062.jpg
1943.85827637
540 960
-0.900305020227 -0.503158661459 0.532491270962
0.0897933364411 0.0124428876075 1.15717169653
-2.22079130147 0.356441525318 -0.961769390272
0.340727160067 -0.85352533564 0.13699255411 -0.369640560595
0.689198403686 0.0180403721801 0.724348101737
-0.485745941648 -0.730276147075 0.480362729151
0.537639766089 -0.682914325479 -0.494542266183
-0.0363803026069
0 0 0

00000034.jpg
C:\Users\henry\Desktop\testing\IMG_8356 (10-22-2016 1-09-29 PM)\IMG_8356 061.jpg
1937.2623291
540 960
-1.18329530255 -0.537879926922 0.62557438828
0.286920392527 0.0428030115111 1.41304259367
-2.24695306651 0.341644015219 -0.905011307782
0.340668966146 -0.86355585723 0.131301670172 -0.347816706697
0.723567116488 0.0102083898986 0.690178906147
-0.463753041616 -0.733409122096 0.497035442454
0.511257289224 -0.679711281913 -0.525936616412
-0.0402311694218
0 0 0

00000035.jpg
C:\Users\henry\Desktop\testing\IMG_8356 (10-22-2016 1-09-29 PM)\IMG_8356 059.jpg
1939.33007813
540 960
-1.40139700028 -0.651305008398 0.882038003872
0.586805466531 0.0197726108232 1.67969389282
-2.37457303262 0.285421788342 -0.684713733184
0.321129603102 -0.903951620571 0.10865426524 -0.260656581304
0.84050440125 -0.0290272087972 0.541026177787
-0.363845386798 -0.770139888699 0.523928288603
0.401457773499 -0.637214211947 -0.657867624597
-0.0412565559155
0 0 0

00000036.jpg
C:\Users\henry\Desktop\testing\IMG_8356 (10-22-2016 1-09-29 PM)\IMG_8356 058.jpg
1938.04858398
540 960
-1.49596873937 -0.717556934313 0.990508088583
0.733912271601 0.0419700730451 1.78704345813
-2.39426571107 0.245583070364 -0.597163118268
0.324890004017 -0.913129878842 0.0936609659701 -0.227747272708
0.878718293374 -0.0230631358595 0.476784466659
-0.319034385239 -0.771348593053 0.55067141038
0.355066420218 -0.635995669642 -0.685155641479
-0.0352281532477
0 0 0

00000037.jpg
C:\Users\henry\Desktop\testing\IMG_8356 (10-22-2016 1-09-29 PM)\IMG_8356 057.jpg
1936.06958008
540 960
-1.65747836328 -0.79218493221 1.07533375606
0.933182597208 0.0158802883781 1.9131246691
-2.41168845419 0.231562147478 -0.524354888708
0.325330252093 -0.919972822296 0.0883326708232 -0.2000226215
0.904377517009 -0.0323800993466 0.425504527522
-0.292673738855 -0.772715560847 0.563253370422
0.310555367254 -0.633926590364 -0.708302864454
-0.0363228224821
0 0 0

00000038.jpg
C:\Users\henry\Desktop\testing\IMG_8356 (10-22-2016 1-09-29 PM)\IMG_8356 056.jpg
1930.12255859
540 960
-1.72459341158 -0.900797592245 1.19718744677
1.09528053188 -0.00576014638414 2.00480414189
-2.43155312179 0.200175626677 -0.42121712734
0.326747421169 -0.928193692657 0.07641278837 -0.160790680381
0.936615227069 -0.0367757624805 0.348425633772
-0.246927523131 -0.774794539672 0.581996787999
0.248554907595 -0.631142793682 -0.734765178436
-0.0354533486142
0 0 0

00000039.jpg
C:\Users\henry\Desktop\testing\IMG_8356 (10-22-2016 1-09-29 PM)\IMG_8356 055.jpg
1934.23535156
540 960
-1.81413221046 -0.971510254722 1.3491047353
1.26984278247 0.0348921664574 2.10743294728
-2.44740125657 0.16013638617 -0.341991890974
0.326516053394 -0.934137699176 0.0611217449241 -0.13053336363
0.958450046943 -0.0289497773062 0.283786707051
-0.199434732221 -0.779302661569 0.594065196623
0.203957783335 -0.625978622823 -0.752696452878
-0.0398049444294
0 0 0

00000040.jpg
C:\Users\henry\Desktop\testing\IMG_8356 (10-22-2016 1-09-29 PM)\IMG_8356 054.jpg
1927.14477539
540 960
-1.92358148773 -1.06443758109 1.48176330112
1.48405015817 0.0226448661693 2.19679294553
-2.45617482288 0.14334165935 -0.25288003197
0.327956676124 -0.938146749423 0.0547499756626 -0.0965886376557
0.975345271906 -0.0393724020026 0.217140066129
-0.16607995623 -0.778893235921 0.604766371902
0.145317585984 -0.625919586725 -0.766229710328
-0.041557409226
0 0 0

00000041.jpg
C:\Users\henry\Desktop\testing\IMG_8356 (10-22-2016 1-09-29 PM)\IMG_8356 053.jpg
1929.00146484
540 960
-1.98382377612 -1.12434256347 1.60032020447
1.6627785679 -2.22044604925e-016 2.23514907742
-2.46260241405 0.144931801197 -0.163643771246
0.328440505757 -0.940824092935 0.0553704201785 -0.0625192283452
0.986051309092 -0.0631192192278 0.15401155833
-0.145254607137 -0.778122337459 0.611086224584
0.0812680031007 -0.624932739064 -0.776436308346
-0.0411099608971
0 0 0

00000042.jpg
C:\Users\henry\Desktop\testing\IMG_8356 (10-22-2016 1-09-29 PM)\IMG_8356 052.jpg
1926.76586914
540 960
-2.00366602477 -1.16814662336 1.73750641491
1.82441222125 -0.0289475303713 2.25141233379
-2.47578638545 0.149401693889 -0.066420743014
0.32423901385 -0.943919462594 0.0569609589242 -0.0253236032072
0.992228376568 -0.0911119522282 0.0847445754044
-0.123955552752 -0.783249300327 0.609226259978
0.0108687148063 -0.614995802842 -0.788455323831
-0.0409089278327
0 0 0

00000043.jpg
C:\Users\henry\Desktop\testing\IMG_8356 (10-22-2016 1-09-29 PM)\IMG_8356 051.jpg
1927.25012207
540 960
-2.01818356724 -1.22328231072 1.82465728856
1.98733854902 -0.0640133608847 2.22379040193
-2.47340314882 0.147123418979 0.0279362467262
0.325772786189 -0.943719100623 0.0561344723383 0.0106589860402
0.993470866509 -0.112894904875 0.0164556131661
-0.0990052745542 -0.781441969492 0.616072711442
-0.0566927206536 -0.613679291719 -0.78751726413
-0.0374261156934
0 0 0

00000044.jpg
C:\Users\henry\Desktop\testing\IMG_8356 (10-22-2016 1-09-29 PM)\IMG_8356 050.jpg
1936.0949707
540 960
-2.09546061674 -1.26396557921 1.85783836621
2.13202776749 -0.0799138525252 2.21092619454
-2.46179290221 0.143245657158 0.0694388362318
0.330967915798 -0.941675292819 0.0547937627199 0.0265614692376
0.992584343926 -0.120777450662 -0.0137537641634
-0.0856134742056 -0.774915864733 0.62623952567
-0.086293673948 -0.620417710422 -0.779509434041
-0.0439625516443
0 0 0

00000045.jpg
C:\Users\henry\Desktop\testing\IMG_8356 (10-22-2016 1-09-29 PM)\IMG_8356 047.jpg
1922.21618652
540 960
-2.20638827573 -1.37711346032 1.6642068767
2.19312136473 -0.174740699275 2.16653209265
-2.4183492936 0.132046348747 0.0451157963891
0.351909770848 -0.934479717658 0.0510243226738 0.0174332950096
0.994185130643 -0.10763199885 0.0033287919025
-0.0830922114421 -0.74711223532 0.659484276686
-0.0684950388968 -0.655925896527 -0.75171094805
-0.0472527529355
0 0 0

00000046.jpg
C:\Users\henry\Desktop\testing\IMG_8356 (10-22-2016 1-09-29 PM)\IMG_8356 049.jpg
1928.32836914
540 960
-2.34008343006 -1.27574184932 1.68227995242
2.21915552347 -0.116712891774 2.23501707693
-2.44772250986 0.134745030937 -0.0276660191953
0.338201122939 -0.939591873946 0.0517237291454 -0.0106199811113
0.994423773501 -0.0900150517411 0.0549420873343
-0.104381809891 -0.765889445472 0.634443540484
-0.0150300057839 -0.636640567009 -0.7710143298
-0.0512687842358
0 0 0

00000047.jpg
C:\Users\henry\Desktop\testing\IMG_8356 (10-22-2016 1-09-29 PM)\IMG_8356 048.jpg
1926.43078613
540 960
-2.40111826526 -1.23708648653 1.69046174673
2.25196551152 -0.0697756313289 2.25326097598
-2.44587952842 0.134471412418 -0.0479418294311
0.338924964932 -0.93921400329 0.0516368169884 -0.0184095892793
0.99399003714 -0.0845167231234 0.0695834955566
-0.109474600727 -0.764927209352 0.634745041982
-0.000420529991351 -0.638547250531 -0.769582300372
-0.0504769162929
0 0 0

00000048.jpg
C:\Users\henry\Desktop\testing\IMG_8356 (10-22-2016 1-09-29 PM)\IMG_8356 046.jpg
1909.41516113
540 960
-2.26688890521 -1.33371423478 1.67274933345
2.25392951054 -0.0387100589817 2.15266485377
-2.40228740609 0.0976803184693 0.0269068627121
0.360295762434 -0.932009662219 0.0378967980231 0.010438990757
0.996910148369 -0.0781625931731 0.00784981638796
-0.0631180966378 -0.737501853145 0.672389495591
-0.0467664065623 -0.670807031791 -0.740156149512
-0.0420968319456
0 0 0

00000049.jpg
C:\Users\henry\Desktop\testing\IMG_8356 (10-22-2016 1-09-29 PM)\IMG_8356 014.jpg
1925.45166016
540 960
0.940284689274 -2.41212103131 3.89035867063
3.90701867813 0.0575133681413 -2.5630512306
-1.06667517136 -0.731583905025 2.59766764288
0.119570555226 -0.364943849224 -0.250298360268 0.888745565709
-0.705037879332 -0.0298453465846 -0.708541428585
0.395225856402 -0.846106653387 -0.357631818187
-0.588828172947 -0.5321779729 0.608333003427
-0.0386087148208
0 0 0

00000050.jpg
C:\Users\henry\Desktop\testing\IMG_8356 (10-22-2016 1-09-29 PM)\IMG_8356 015.jpg
1929.49780273
540 960
0.698376493825 -2.44939578294 4.0594827921
4.12928751697 0.0307054659946 -2.43201455756
-1.19608543115 -0.685354582973 2.52947030467
0.130066583324 -0.411676538841 -0.235889841352 0.870609701456
-0.627210949778 -0.032253447477 -0.778181283026
0.420695469633 -0.854876955134 -0.303646466557
-0.655455740203 -0.517827909925 0.549757169304
-0.0404589092994
0 0 0

00000051.jpg
C:\Users\henry\Desktop\testing\IMG_8356 (10-22-2016 1-09-29 PM)\IMG_8356 016.jpg
1931.58898926
540 960
0.567315464602 -2.53344759954 4.10284971484
4.32066188003 -4.4408920985e-016 -2.21482650472
-1.28496027014 -0.652486784697 2.45114128979
0.148539922621 -0.446895010106 -0.22692770743 0.85247990691
-0.556441110645 -0.0504284434924 -0.829355449163
0.456080754142 -0.852878983328 -0.254140389646
-0.694524152754 -0.51966739053 0.497576528423
-0.0451311874397
0 0 0

00000052.jpg
C:\Users\henry\Desktop\testing\IMG_8356 (10-22-2016 1-09-29 PM)\IMG_8356 017.jpg
1926.40454102
540 960
0.394145893262 -2.65897545662 4.04982211931
4.43861769839 -0.0296726316079 -1.9809935896
-1.3642912567 -0.638296545493 2.35744080896
0.171177865149 -0.480476880062 -0.224795644791 0.830244861026
-0.479680453804 -0.0682204292006 -0.874787272407
0.500257742246 -0.840329821078 -0.208777955209
-0.720867118127 -0.537765981539 0.43721772095
-0.045466688859
0 0 0

00000053.jpg
C:\Users\henry\Desktop\testing\IMG_8356 (10-22-2016 1-09-29 PM)\IMG_8356 018.jpg
1927.37597656
540 960
0.228567199813 -2.70063172259 4.03332172232
4.5465073214 -0.0585475494203 -1.71440131985
-1.45157811118 -0.603327700617 2.27118964228
0.188594660431 -0.516097777987 -0.214508667008 0.807504548836
-0.3961510703 -0.0831673077942 -0.914410926705
0.525996876943 -0.83683645304 -0.151766301115
-0.75259016985 -0.54109944187 0.375259307112
-0.0464601162542
0 0 0

00000054.jpg
C:\Users\henry\Desktop\testing\IMG_8356 (10-22-2016 1-09-29 PM)\IMG_8356 019.jpg
1925.78613281
540 960
0.121974363143 -2.64985751161 4.01430900237
4.58500162827 -0.0372498877471 -1.45865546355
-1.53193935704 -0.584165212558 2.2072999218
0.194749636539 -0.546484471705 -0.208387633692 0.787403970082
-0.32685629162 -0.0789337788661 -0.941772766819
0.534452769066 -0.83729511425 -0.115312731756
-0.779439103136 -0.541023340711 0.315861089598
-0.0432031075997
0 0 0

00000055.jpg
C:\Users\henry\Desktop\testing\IMG_8356 (10-22-2016 1-09-29 PM)\IMG_8356 020.jpg
1923.12365723
540 960
-0.0612562085264 -2.72503427781 4.08844621014
4.76081569245 -0.0223398864394 -1.21617152072
-1.62995227107 -0.575860487505 2.1160780012
0.203160717911 -0.584082457773 -0.206355741114 0.758282350789
-0.235147897328 -0.0670491592357 -0.969644591641
0.549163587827 -0.832286414428 -0.0756262300315
-0.801951069602 -0.550276675793 0.232531420964
-0.0468781773159
0 0 0

00000056.jpg
C:\Users\henry\Desktop\testing\IMG_8356 (10-22-2016 1-09-29 PM)\IMG_8356 021.jpg
1925.42687988
540 960
-0.204909430326 -2.75378984314 4.0835220274
4.82064408011 -0.0612902448209 -1.02864434304
-1.68433217223 -0.538570272556 2.04862855527
0.215946342046 -0.60769630201 -0.194312718359 0.73913211287
-0.168146438577 -0.0830593629265 -0.982256736443
0.555392141327 -0.83121937706 -0.0247863763279
-0.814412253472 -0.549705550305 0.18589710621
-0.0474791047468
0 0 0

00000057.jpg
C:\Users\henry\Desktop\testing\IMG_8356 (10-22-2016 1-09-29 PM)\IMG_8356 022.jpg
1919.58764648
540 960
-0.252952123746 -2.73482603367 4.12628884567
4.89550648791 -0.0245149690045 -0.77648910806
-1.73875535556 -0.513140820687 1.98708619495
0.223974291108 -0.630000363764 -0.185925468274 0.719977667733
-0.105870574614 -0.0882475114595 -0.990456679504
0.556778439516 -0.830534967113 0.0144843864156
-0.823886579682 -0.549931153071 0.137063474035
-0.0460299463473
0 0 0

00000058.jpg
C:\Users\henry\Desktop\testing\IMG_8356 (10-22-2016 1-09-29 PM)\IMG_8356 023.jpg
1920.78198242
540 960
-0.354048670043 -2.76276865513 4.15251425234
4.96837038988 -0.0834558784762 -0.556737893547
-1.794421361 -0.4743981855 1.9272037475
0.230868708619 -0.65253068335 -0.172512086009 0.700816210533
-0.0418068122136 -0.0984544237796 -0.994262837018
0.548731710241 -0.833878589389 0.0594998052531
-0.834952266946 -0.543095859545 0.0888868440804
-0.0486017680647
0 0 0

00000059.jpg
C:\Users\henry\Desktop\testing\IMG_8356 (10-22-2016 1-09-29 PM)\IMG_8356 024.jpg
1918.30493164
540 960
-0.514106830302 -2.73723901394 4.11979705107
4.96096046865 -0.0800870035231 -0.334589000785
-1.85375487896 -0.443698617057 1.8475423711
0.241118246878 -0.677725647365 -0.162214506293 0.675454378406
0.034897444449 -0.105855488474 -0.993769485173
0.545602013795 -0.831097138749 0.107687603333
-0.837317975671 -0.545960476495 0.02875173021
-0.0525379518915
0 0 0

00000060.jpg
C:\Users\henry\Desktop\testing\IMG_8356 (10-22-2016 1-09-29 PM)\IMG_8356 025.jpg
1915.39038086
540 960
-0.658581574695 -2.71056608303 4.0620079097
4.92545188975 -0.0754161722271 -0.122528074688
-1.9110095086 -0.423909339914 1.77003779013
0.24862699288 -0.701384996297 -0.155584600426 0.649645092444
0.107510828016 -0.104788928905 -0.988666345037
0.54128829419 -0.827956153987 0.146616621843
-0.833936219668 -0.55091634808 -0.0322931476745
-0.0533246765467
0 0 0

00000061.jpg
C:\Users\henry\Desktop\testing\IMG_8356 (10-22-2016 1-09-29 PM)\IMG_8356 026.jpg
1915.80493164
540 960
-0.797531768601 -2.65319749285 3.90622037009
4.78710525788 -0.102322515861 0.0849675993992
-1.97064480876 -0.406307922555 1.6893328858
0.254352298055 -0.725413674581 -0.149565929792 0.621859997716
0.181840513717 -0.0993485064438 -0.978296437984
0.533337571506 -0.825869895018 0.183002871016
-0.826126686171 -0.555039669664 -0.0971902525959
-0.0472049539365
0 0 0

00000062.jpg
C:\Users\henry\Desktop\testing\IMG_8356 (10-22-2016 1-09-29 PM)\IMG_8356 027.jpg
1926.76391602
540 960
-1.04499420178 -2.56132244867 3.7924205156
4.68499243398 -0.132697477982 0.260919585252
-2.04661189337 -0.371770413498 1.59081260144
0.258486084525 -0.754981628082 -0.137143653354 0.586840275724
0.273621953593 -0.0962984747961 -0.957004224411
0.510461705659 -0.828753258302 0.229341743431
-0.815205320519 -0.551267236296 -0.177608471718
-0.0427745211645
0 0 0

00000063.jpg
C:\Users\henry\Desktop\testing\IMG_8356 (10-22-2016 1-09-29 PM)\IMG_8356 028.jpg
1933.26489258
540 960
-1.29098322043 -2.50972198344 3.61296158779
4.56595793685 -0.112936111499 0.397628891542
-2.0818898524 -0.339188355952 1.47822780342
0.279164253856 -0.776132980306 -0.126450143021 0.551086480067
0.360629460616 -0.111403655535 -0.926032365924
0.503970928536 -0.81215585988 0.29396806944
-0.784830926618 -0.572706267921 -0.236742878212
-0.0484680007784
0 0 0

00000064.jpg
C:\Users\henry\Desktop\testing\IMG_8356 (10-22-2016 1-09-29 PM)\IMG_8356 029.jpg
1935.94042969
540 960
-1.28536430789 -2.44855270897 3.59014024592
4.50111079946 0.0106899884909 0.525903528799
-2.07873602378 -0.326478576365 1.43068846997
0.294118183505 -0.780809742979 -0.122631084651 0.537391705221
0.392341660166 -0.124609996353 -0.911339951322
0.507616692328 -0.796912489025 0.327498693288
-0.767067823886 -0.591102679784 -0.249407147668
-0.044912159804
0 0 0

00000065.jpg
C:\Users\henry\Desktop\testing\IMG_8356 (10-22-2016 1-09-29 PM)\IMG_8356 030.jpg
1933.02124023
540 960
-1.41058198044 -2.36645335748 3.51428050461
4.43429447562 0.0094388425252 0.526264779264
-2.08252691461 -0.287459365025 1.39075784954
0.305499729529 -0.786683208302 -0.108588971382 0.525364565217
0.424401507873 -0.150147327274 -0.8929384654
0.491847603039 -0.789756551121 0.366565736109
-0.760242859851 -0.594760293337 -0.261324617782
-0.0421899568398
0 0 0

00000066.jpg
C:\Users\henry\Desktop\testing\IMG_8356 (10-22-2016 1-09-29 PM)\IMG_8356 031.jpg
1938.48168945
540 960
-1.60945161748 -2.25476828662 3.42154121483
4.36725500616 0.0944978759825 0.547183606065
-2.0974011704 -0.264962959139 1.31322467896
0.320657456805 -0.798252885218 -0.100842628293 0.499802042505
0.480057299743 -0.159534641291 -0.862608707728
0.481526366131 -0.774019220853 0.411128958151
-0.733264944825 -0.612734002093 -0.294753260471
-0.0383769852882
0 0 0

00000067.jpg
C:\Users\henry\Desktop\testing\IMG_8356 (10-22-2016 1-09-29 PM)\IMG_8356 033.jpg
1929.43811035
540 960
-1.89125123272 -2.12075749326 3.03657505065
4.08658342017 0.131839217309 0.760063038131
-2.1248235086 -0.214268641696 1.1163903306
0.357788750234 -0.82337526319 -0.083029719191 0.432604486235
0.611919011276 -0.17283303079 -0.771805300768
0.446291043112 -0.730186424412 0.517350670745
-0.652976902922 -0.661026954815 -0.36968142769
-0.0332283581455
0 0 0

00000068.jpg
C:\Users\henry\Desktop\testing\IMG_8356 (10-22-2016 1-09-29 PM)\IMG_8356 034.jpg
1932.34777832
540 960
-1.63332045391 -2.18992733125 3.2304136077
4.08557264851 0.192547373641 1.08171192185
-2.12706307852 -0.191558133302 1.12090390107
0.356781336116 -0.823845764194 -0.0741935480481 0.4341441212
0.612028240471 -0.187540811763 -0.768277466426
0.432037266752 -0.734404769677 0.523443801648
-0.662393973611 -0.652287368363 -0.36845178359
-0.0463877484762
0 0 0

00000069.jpg
C:\Users\henry\Desktop\testing\IMG_8356 (10-22-2016 1-09-29 PM)\IMG_8356 035.jpg
1936.84667969
540 960
-1.67396068719 -2.16171523034 3.11614881658
3.97306124749 0.160984130391 1.17235135196
-2.14031955687 -0.170266914217 1.06800798553
0.363271012655 -0.831554314285 -0.0661518914981 0.414941145218
0.646895937739 -0.191454421844 -0.738153599727
0.411489938218 -0.727316305813 0.549261008659
-0.642029341273 -0.659057302653 -0.391716317385
-0.0431470207465
0 0 0

00000070.jpg
C:\Users\henry\Desktop\testing\IMG_8356 (10-22-2016 1-09-29 PM)\IMG_8356 036.jpg
1933.64953613
540 960
-1.67223488658 -2.0647031582 2.98817203206
3.78012498919 0.21903888939 1.28499521747
-2.15154983449 -0.151173763094 0.996033517684
0.373640053336 -0.840044670331 -0.0590238310756 0.388888342064
0.690564418568 -0.19144314855 -0.697474528981
0.389773894931 -0.713818786308 0.581841225438
-0.609259859417 -0.673656116269 -0.418318074434
-0.0428746201567
0 0 0

00000071.jpg
C:\Users\henry\Desktop\testing\IMG_8356 (10-22-2016 1-09-29 PM)\IMG_8356 040.jpg
1947.97021484
540 960
-1.8507080653 -1.76043954838 2.8017981295
3.52334625027 0.424932447153 1.33409442476
-2.1705176366 -0.11268002593 0.841416025491
0.394462344153 -0.855784592285 -0.0444271119585 0.331750757595
0.775935456889 -0.185686459896 -0.602863635773
0.337766266166 -0.684851342916 0.64567213693
-0.532764344865 -0.70462704852 -0.468681950154
-0.035587778151
0 0 0

00000072.jpg
C:\Users\henry\Desktop\testing\IMG_8356 (10-22-2016 1-09-29 PM)\IMG_8356 039.jpg
1957.72717285
540 960
-1.78226154952 -1.8292426079 2.81697591014
3.48122726537 0.423871018515 1.46946578197
-2.18358032996 -0.12520454395 0.824430308447
0.391353600817 -0.859685395295 -0.049293591988 0.324581919834
0.784433900717 -0.169299197724 -0.596659085853
0.338806014625 -0.688825236892 0.640882515543
-0.519494186966 -0.70488138453 -0.482978100335
-0.0429405605812
0 0 0

00000073.jpg
C:\Users\henry\Desktop\testing\IMG_8356 (10-22-2016 1-09-29 PM)\IMG_8356 038.jpg
1941.58435059
540 960
-1.85107533919 -1.91643276499 2.61913405808
3.43967887628 0.290911061391 1.42934984354
-2.18252408953 -0.143484716487 0.79879986321
0.395423314739 -0.860904358982 -0.0565980547308 0.315089435892
0.795030841293 -0.151736698671 -0.587283492091
0.346638138048 -0.680874205238 0.645176354638
-0.497762730453 -0.71651026657 -0.488718244698
-0.0404386875839
0 0 0

00000074.jpg
C:\Users\henry\Desktop\testing\IMG_8356 (10-22-2016 1-09-29 PM)\IMG_8356 037.jpg
1947.0123291
540 960
-1.96930713673 -2.04456892743 2.60744169403
3.61317721881 0.161487196064 1.33268626835
-2.18397838366 -0.165252270265 0.832206162811
0.388771273622 -0.858803393611 -0.0649819666565 0.327247504899
0.777373511136 -0.142835721466 -0.612608536185
0.366061995611 -0.689268775789 0.625226031015
-0.511556048427 -0.710286325484 -0.483532322573
-0.0451122324366
0 0 0

00000075.jpg
C:\Users\henry\Desktop\testing\IMG_8356 (10-22-2016 1-09-29 PM)\IMG_8356 041.jpg
1960.09985352
540 960
-1.89846479338 -1.85592826633 2.56132332991
3.46538066046 0.537964245001 1.14487589144
-2.08535116721 -0.185792938594 0.815579998891
0.432593024043 -0.836781641767 -0.0745524891109 0.327264961987
0.774679386598 -0.158376828562 -0.612200069229
0.407913329715 -0.614610459888 0.67517515234
-0.483196522371 -0.772768451164 -0.411522028906
-0.0464243502502
0 0 0

00000076.jpg
C:\Users\henry\Desktop\testing\IMG_8356 (10-22-2016 1-09-29 PM)\IMG_8356 032.jpg
1936.61889648
540 960
-1.85042513219 -2.19518874557 3.24795005504
4.29018454752 0.138498557284 0.605996495714
-2.10662166952 -0.239626983847 1.20572740798
0.344083352456 -0.810961198739 -0.0922463624497 0.464154602735
0.552101928183 -0.169798838 -0.816303622482
0.469032649068 -0.746194348851 0.472443265024
-0.689341871908 -0.643709726872 -0.332334165582
-0.0475135372261
0 0 0

00000077.jpg
C:\Users\henry\Desktop\testing\IMG_8356 (10-22-2016 1-09-29 PM)\IMG_8356 013.jpg
1925.31311035
540 960
1.07690873807 -2.36004375329 3.73746603578
3.66305996079 0.0774780296206 -2.69706772962
-0.948537864106 -0.761468123807 2.65084953304
0.112258784921 -0.323164607452 -0.259430389265 0.903138167885
-0.765925174077 -0.0350928146835 -0.641971279834
0.370447958688 -0.840187435284 -0.396047427185
-0.525477918752 -0.541159691834 0.656520748529
-0.0363733611373
0 0 0

00000078.jpg
C:\Users\henry\Desktop\testing\IMG_8356 (10-22-2016 1-09-29 PM)\IMG_8356 012.jpg
1922.37304688
540 960
1.24169521783 -2.28888504932 3.60098209719
3.45417061052 0.0362185038256 -2.795581342
-0.844361741702 -0.787201550223 2.72128394688
0.0926684352465 -0.284415243972 -0.265161375633 0.916638686294
-0.821042627105 -0.0190578048976 -0.570549071822
0.320716086084 -0.842207742827 -0.433391243747
-0.472260712751 -0.538816506224 0.697600125495
-0.0361699252701
0 0 0

00000079.jpg
C:\Users\henry\Desktop\testing\IMG_8356 (10-22-2016 1-09-29 PM)\IMG_8356 011.jpg
1934.43322754
540 960
1.21307541441 -2.19914634446 3.56680545332
3.2078554381 0.0509315523359 -2.95583425575
-0.778522778307 -0.811924410778 2.77851797776
0.0719500824834 -0.259045005466 -0.270159036175 0.924521702886
-0.855439518648 0.00692708894066 -0.517856536466
0.273004740062 -0.843674597305 -0.462257401162
-0.44010467672 -0.536810639203 0.71982137343
-0.0391766345182
0 0 0

00000080.jpg
C:\Users\henry\Desktop\testing\IMG_8356 (10-22-2016 1-09-29 PM)\IMG_8356 010.jpg
1929.5201416
540 960
1.58522453496 -2.02104405869 3.3783661533
3.03463309552 0.051038436005 -2.96636281526
-0.611061327688 -0.833194246041 2.86802202319
0.0465561776002 -0.200232712539 -0.273021276911 0.939794098076
-0.915479080583 0.0218279504213 -0.401773009914
0.196840834172 -0.846586407142 -0.494515636247
-0.350929701688 -0.531803915152 0.770735398415
-0.0368345084409
0 0 0

00000081.jpg
C:\Users\henry\Desktop\testing\IMG_8356 (10-22-2016 1-09-29 PM)\IMG_8356 009.jpg
1931.23657227
540 960
1.68278215858 -1.88667063455 3.26753600289
