# Camera parameter file. 

# The format of each camera is as follows:
# Filename (of the undistorted image in visualize folder)
# Original filename
# Focal Length (of the undistorted image)
# 2-vec Principal Point (image center)
# 3-vec Translation T (as in P = K[R T])
# 3-vec Camera Position C (as in P = K[R -RC])
# 3-vec Axis Angle format of R
# 4-vec Quaternion format of R
# 3x3 Matrix format of R
# [Normalized radial distortion] = [radial distortion] * [focal length]^2
# 3-vec Lat/Lng/Alt from EXIF

# The nubmer of cameras in this reconstruction
50

00000000.jpg
C:\Users\henry\Desktop\lu model\Untitled (12-6-2016 11-10-14 PM)\Untitled 45.jpg
2330.62084961
414 646
-0.540324205054 -0.42011273313 5.45144898029
3.33305481711 0.560198066178 -4.33169806382
-0.014723713083 0.559237285974 -0.0332411069979
0.960998021506 -0.00726589635638 0.275973875313 -0.01640390823
0.847139988432 0.0275178590643 0.530659162233
-0.0355386343517 0.999356504956 0.00491092214551
-0.530182230422 -0.0230191259463 0.847572295967
-2.75578445645
0 0 0

00000001.jpg
C:\Users\henry\Desktop\lu model\Untitled (12-6-2016 11-10-14 PM)\Untitled 46.jpg
2222.36474609
414 646
0.929075128719 -0.464946229452 4.88573440344
0.941117926724 0.551215998589 -4.87444653345
-0.0174170613249 0.382132508469 -0.034836512729
0.981613875325 -0.00865509291058 0.189893823261 -0.0173113735278
0.927281433276 0.0306990752341 0.37310453969
-0.0372732625891 0.999251228899 0.0104172850328
-0.372505107317 -0.0235665521402 0.927730538749
-2.5160263126
0 0 0

00000002.jpg
C:\Users\henry\Desktop\lu model\Untitled (12-6-2016 11-10-14 PM)\Untitled 13.jpg
2248.83178711
414 646
0.809670059074 -0.462825202236 5.03590253886
1.1794865096 0.556426488551 -4.95270397509
-0.0171920265504 0.396585698486 -0.0351389467963
0.980214562294 -0.00853924618068 0.196983345808 -0.0174534465931
0.921786823101 0.030852048193 0.386470115741
-0.0375804418582 0.999246014498 0.00986453558669
-0.385873660621 -0.0236166382426 0.922249514938
-2.5937496285
0 0 0

00000003.jpg
C:\Users\henry\Desktop\lu model\Untitled (12-6-2016 11-10-14 PM)\Untitled 14.jpg
2169.18530273
414 646
2.27150652138 -0.517137295067 4.86845006958
-1.18907746914 0.559533053108 -5.23469232295
-0.0208925624072 0.217299277602 -0.0365936310066
0.993882063245 -0.0104249692729 0.108427977759 -0.0182594873425
0.975820630638 0.0340348212344 0.215910264306
-0.0385562865807 0.99911664102 0.0167627619251
-0.21514822469 -0.0246819979556 0.976268950899
-2.40912802636
0 0 0

00000004.jpg
C:\Users\henry\Desktop\lu model\Untitled (12-6-2016 11-10-14 PM)\Untitled 47.jpg
2198.86523438
414 646
2.52122326131 -0.524576617326 5.11655362411
-1.55211981436 0.564651661013 -5.48479021406
-0.0214809680427 0.185999781131 -0.03628934999
0.995457025183 -0.0107242145072 0.0928590158126 -0.0181171897303
0.982098993951 0.0340780620659 0.185263273129
-0.0380614731086 0.999115164469 0.0179863554593
-0.18448536544 -0.0247156232238 0.982524597521
-2.47701766117
0 0 0

00000005.jpg
C:\Users\henry\Desktop\lu model\Untitled (12-6-2016 11-10-14 PM)\Untitled 15.jpg
2151.12939453
414 646
3.62817540737 -0.569340346797 5.28417840554
-3.4215847553 0.572651945034 -5.41988984559
-0.0251535002622 0.0425623940161 -0.0372528271112
0.999521041911 -0.0125747421549 0.0212777992991 -0.0186234397035
0.99840089617 0.0366939065842 0.0430036338321
-0.0377641728414 0.998990733105 0.0243449519154
-0.0420667986678 -0.0259299256063 0.998777623616
-2.35367564344
0 0 0

00000006.jpg
C:\Users\henry\Desktop\lu model\Untitled (12-6-2016 11-10-14 PM)\Untitled 01.jpg
2111.55688477
414 646
3.94767643194 -0.243440885728 5.30771422609
-3.95005386972 -0.00711552939066 -5.31152337384
0.0195847715745 0.000377885478651 -0.0371074256506
0.999780021469 0.0097916677385 0.000188928884674 -0.0185523523325
0.999311974516 0.0371002434392 1.4367267735e-005
-0.037092841414 0.999120558726 -0.0195859884896
-0.000741182029767 0.0195720666376 0.999807832075
-2.31108301984
0 0 0

00000007.jpg
C:\Users\henry\Desktop\lu model\Untitled (12-6-2016 11-10-14 PM)\Untitled 02.jpg
2105.8918457
414 646
3.94480265299 -0.251108964766 5.27257941832
-3.94560670156 0.00593195386981 -5.27795319149
0.0186193827814 0.00075494998377 -0.0372399686733
0.999783432947 0.0093090193235 0.000377447741943 -0.0186186401589
0.999306927786 0.0372362235698 0.000407624941476
-0.0372222083296 0.999134278453 -0.0186280454026
-0.00110183905531 0.0185999677839 0.999826444944
-2.29839621208
0 0 0

00000008.jpg
C:\Users\henry\Desktop\lu model\Untitled (12-6-2016 11-10-14 PM)\Untitled 07.jpg
2106.7019043
414 646
3.94878414437 -0.251775242374 5.28068565416
-3.95238472861 0.0055874656401 -5.28399377655
0.0186136352698 0.000230191429224 -0.0374193523643
0.999781812613 0.00930614074829 0.000115087343679 -0.0187083154239
0.999300100224 0.0374105374782 -0.000118334916194
-0.0374063965436 0.999128207386 -0.0186124703307
-0.000578583848484 0.0186039707323 0.999826383714
-2.30270045492
0 0 0

00000009.jpg
C:\Users\henry\Desktop\lu model\Untitled (12-6-2016 11-10-14 PM)\Untitled 03.jpg
2107.59228516
414 646
3.94800632342 -0.249002293708 5.28417796247
-3.95081566318 0.000722648461815 -5.2879418217
0.0190021166167 0.000352080097906 -0.0374225413369
0.999780104986 0.00950036188634 0.000176027145321 -0.0187098991433
0.999300480993 0.0374149007306 -3.52335370013e-006
-0.0374082389885 0.999121156512 -0.019003088007
-0.000707477105017 0.0189900032095 0.999819395801
-2.30158554377
0 0 0

00000010.jpg
C:\Users\henry\Desktop\lu model\Untitled (12-6-2016 11-10-14 PM)\Untitled 06.jpg
2106.98193359
414 646
3.94912285368 -0.248723570159 5.28104620103
-3.9527347897 -0.000204052203592 -5.28420271495
0.0190841953827 0.000198107857077 -0.0374787877526
0.999779043485 0.00954139488478 9.90466328942e-005 -0.0187380136589
0.999297711283 0.0374696305612 -0.000159649579823
-0.0374658629297 0.999117201772 -0.0190823153155
-0.000555748571404 0.0190748312902 0.99981763011
-2.29947644816
0 0 0

00000011.jpg
C:\Users\henry\Desktop\lu model\Untitled (12-6-2016 11-10-14 PM)\Untitled 09.jpg
2107.75463867
414 646
3.94842307464 -0.248297329227 5.28420061354
-3.95152396866 -0.000376561142969 -5.28771676468
0.0190900234998 0.000290847096536 -0.0373997238876
0.999779738306 0.00954431093948 0.000145412871032 -0.0186984889692
0.999300246371 0.0373914843214 -6.61686271733e-005
-0.037385997312 0.999120156849 -0.0190898830397
-0.00064769199576 0.0190789517339 0.999817697292
-2.29989538223
0 0 0

00000012.jpg
C:\Users\henry\Desktop\lu model\Untitled (12-6-2016 11-10-14 PM)\Untitled 11.jpg
2109.23120117
414 646
3.94788675434 -0.249135144849 5.29353925754
-3.95063544357 0.00104439522076 -5.2973473267
0.018968796694 0.000363898428038 -0.0373756760376
0.999780618747 0.00948370477044 0.000181935908409 -0.0186864714117
0.999301534887 0.0373681404838 9.38562495928e-006
-0.037361347317 0.999123118428 -0.0189699856008
-0.000718198355367 0.0189565112929 0.999820489175
-2.30428971211
0 0 0

00000013.jpg
C:\Users\henry\Desktop\lu model\Untitled (12-6-2016 11-10-14 PM)\Untitled 04.jpg
2108.41455078
414 646
3.94748672958 -0.249016012703 5.28871107723
-3.94987189376 0.000250388705385 -5.29279200589
0.0190467424648 0.000431965733204 -0.0374701665378
0.999779171583 0.00952267021173 0.000215966967983 -0.018733704169
0.999298024102 0.0374632374015 7.49946445981e-005
-0.0374550315375 0.999117105318 -0.0190491650914
-0.000788682460759 0.0190331042507 0.999818438303
-2.30232099343
0 0 0

00000014.jpg
C:\Users\henry\Desktop\lu model\Untitled (12-6-2016 11-10-14 PM)\Untitled 08.jpg
2112.9609375
414 646
3.94768909813 -0.249165844453 5.31523226765
-3.95028659634 0.00059026046004 -5.3191382744
0.018973210335 0.000389165992913 -0.037390618469
0.999780318066 0.00948591047872 0.000194568747458 -0.0186939402072
0.999301485174 0.0373833713975 3.45735445517e-005
-0.0373759625476 0.99912129222 -0.0189749417247
-0.000743530472326 0.0189603646575 0.999819960173
-2.31278046337
0 0 0

00000015.jpg
C:\Users\henry\Desktop\lu model\Untitled (12-6-2016 11-10-14 PM)\Untitled 12.jpg
2108.33935547
414 646
3.94803247485 -0.247500642005 5.28824040153
-3.95071366464 -0.00256120365852 -5.29202757459
0.0192635968934 0.000361293148461 -0.0375041064972
0.999777862906 0.00963108524289 0.000180633197931 -0.0187506647192
0.999297031846 0.0374964753494 -5.55111512313e-017
-0.0374895226546 0.999111742979 -0.0192646768723
-0.000722372290389 0.019251106414 0.999814325801
-2.30214843637
0 0 0

00000016.jpg
C:\Users\henry\Desktop\lu model\Untitled (12-6-2016 11-10-14 PM)\Untitled 05.jpg
2111.61645508
414 646
3.94862971282 -0.249201961558 5.30885729369
-3.95191610862 0.000211792582347 -5.31225954367
0.0190201004039 0.000260853476493 -0.0374521221068
0.999779401666 0.00950935089127 0.000130417147465 -0.0187246840539
0.999298390572 0.0374435521492 -9.52069313022e-005
-0.0374386615298 0.999117889283 -0.0190193843853
-0.000616760441941 0.0190096281919 0.999819128124
-2.31078456505
0 0 0

00000017.jpg
C:\Users\henry\Desktop\lu model\Untitled (12-6-2016 11-10-14 PM)\Untitled 10.jpg
2107.47265625
414 646
3.9486836483 -0.247765939713 5.28332766127
-3.95190247686 -0.00165967552668 -5.28673433538
0.0191906663314 0.000263673354215 -0.0374567815321
0.999778493553 0.00959462467919 0.000131826942739 -0.0187270079258
0.999297986105 0.0374482177669 -9.58417739955e-005
-0.0374432213245 0.999114836312 -0.0191899536888
-0.000623032742881 0.0191800439431 0.999815322264
-2.30041715807
0 0 0

00000018.jpg
C:\Users\henry\Desktop\lu model\Untitled (12-6-2016 11-10-14 PM)\Untitled 48.jpg
2181.93261719
414 646
4.02053770889 -0.579104154255 5.6785636875
-4.10116195111 0.572623425584 -5.62127747469
-0.0256872310007 -0.0104618156774 -0.0373345767422
0.999729620734 -0.0128424579304 -0.00523043638721 -0.0186656059249
0.99924808214 0.0374554236179 -0.00997863076016
-0.0371868129102 0.998973795742 0.0258732620079
0.0109374579825 -0.0254826803762 0.999615380409
-2.43180172647
0 0 0

00000019.jpg
C:\Users\henry\Desktop\lu model\Untitled (12-6-2016 11-10-14 PM)\Untitled 16.jpg
2144.34741211
414 646
4.96876991852 -0.581143902998 6.07255826948
-5.81910176479 0.523945698686 -5.26933919812
-0.0249896817092 -0.146062104486 -0.0368565016531
0.997086873521 -0.0124827054794 -0.07296012223 -0.0184103527404
0.988675433059 0.0385348662385 -0.145035806702
-0.0348920179787 0.999011220945 0.0275791569092
0.145954513962 -0.0222062102089 0.989042279389
-2.36234019496
0 0 0

00000020.jpg
C:\Users\henry\Desktop\lu model\Untitled (12-6-2016 11-10-14 PM)\Untitled 49.jpg
2136.8684082
414 646
5.44754164905 -0.578946094218 6.40780666606
-6.73134529458 0.499674157336 -5.05076483397
-0.0245853514975 -0.219741245528 -0.0360946176267
0.993732370659 -0.0122669830233 -0.109640983928 -0.0180095884211
0.975308631176 0.0384833323423 -0.217465755312
-0.033103511643 0.999050789095 0.0283293598089
0.21834942421 -0.0204310326734 0.975656677707
-2.34712606336
0 0 0

00000021.jpg
C:\Users\henry\Desktop\lu model\Untitled (12-6-2016 11-10-14 PM)\Untitled 17.jpg
2141.04980469
414 646
6.04216121228 -0.581559512995 6.98960242687
-7.94360367111 0.486322564114 -4.72896207385
-0.0253067242307 -0.318556445241 -0.0347059348088
0.987112544904 -0.0125989587249 -0.15859340263 -0.0172783579645
0.949099396796 0.03810759509 -0.312663885628
-0.0301151405185 0.999085864435 0.030353643126
0.313534263471 -0.0193927177145 0.949379443994
-2.33463951043
0 0 0

00000022.jpg
C:\Users\henry\Desktop\lu model\Untitled (12-6-2016 11-10-14 PM)\Untitled 50.jpg
2132.40356445
414 646
6.44775478245 -0.574392898779 7.41128041291
-8.80679480327 0.451060593137 -4.36662852966
-0.0240411693047 -0.392369891397 -0.0345214559907
0.980597640763 -0.0119427410585 -0.194914479937 -0.0171489499797
0.923428674666 0.0382880475945 -0.381855665075
-0.0289768319722 0.999127195517 0.0301072140634
0.382675051633 -0.0167368807615 0.923731062095
-2.33243117023
0 0 0

00000023.jpg
C:\Users\henry\Desktop\lu model\Untitled (12-6-2016 11-10-14 PM)\Untitled 18.jpg
2211.27832031
414 646
6.93473468842 -0.561297321989 8.51821163011
-10.1462508235 0.404908825159 -4.22552446708
-0.0217870233849 -0.491179524992 -0.0341940740695
0.969790853193 -0.0107835946053 -0.243111726755 -0.0169245254919
0.881221067349 0.0380697627325 -0.471170034502
-0.0275832373341 0.999194992236 0.0291447828303
0.471900081141 -0.0126865428209 0.881561136163
-2.5248972084
0 0 0

00000024.jpg
C:\Users\henry\Desktop\lu model\Untitled (12-6-2016 11-10-14 PM)\Untitled 44.jpg
2323.3840332
414 646
-2.13857947123 -0.433636875601 5.66936501243
5.41981411951 0.65256410975 -2.66515538338
-0.0196749033835 0.753983533327 -0.0334562150426
0.929592321705 -0.00960547204211 0.368101820294 -0.0163336374244
0.728468596828 0.0232956810203 0.684683096604
-0.0374388147207 0.999281719929 0.00583346614978
-0.6840554064 -0.029883226077 0.728817221534
-2.75278040772
0 0 0

00000025.jpg
C:\Users\henry\Desktop\lu model\Untitled (12-6-2016 11-10-14 PM)\Untitled 42.jpg
2577.98828125
414 646
-5.225907241 -0.449385735857 8.65874669802
9.98494369021 0.805793949884 1.46204909665
-0.0284438200252 1.17221467402 -0.02790515384
0.832912751844 -0.0134206166448 0.553084773828 -0.0131664583649
0.387847102935 0.00708754752337 0.921695897875
-0.0367784967516 0.999293363652 0.00779208329469
-0.920989546014 -0.0369207276695 0.387834142151
-3.32550099096
0 0 0

00000026.jpg
C:\Users\henry\Desktop\lu model\Untitled (12-6-2016 11-10-14 PM)\Untitled 43.jpg
2422.88305664
414 646
-3.53952437825 -0.445910395687 6.73899532462
7.49963092087 0.738651361225 -1.1623331218
-0.0242331901924 0.933194615471 -0.0317786137146
0.89291178695 -0.011680911025 0.44981957331 -0.0153179650038
0.594855498314 0.0168465804618 0.803656062464
-0.037863785554 0.999258222009 0.00707941048801
-0.802940733574 -0.0346406820581 0.595052116777
-2.96616506543
0 0 0

00000027.jpg
C:\Users\henry\Desktop\lu model\Untitled (12-6-2016 11-10-14 PM)\Untitled 41.jpg
2642.88232422
414 646
-6.18863329288 -0.424641687353 9.92615996882
11.0893918819 0.786724242967 3.66257762367
-0.0276276680407 1.33132277475 -0.0255103372615
0.786344645656 -0.0128152579049 0.617541975965 -0.0118331214479
0.237004193822 0.00278191941131 0.971504954191
-0.0344377273564 0.999392384416 0.00553952067561
-0.970898350879 -0.0347693170693 0.236955028767
-3.49906710156
0 0 0

00000028.jpg
C:\Users\henry\Desktop\lu model\Untitled (12-6-2016 11-10-14 PM)\Untitled 40.jpg
2566.07226563
414 646
-7.17510695315 -0.451299095385 10.8142401412
11.0611382173 0.851844000516 6.7497642677
-0.0358096046076 1.53134836462 -0.0269993281238
0.720687578529 -0.0162044896822 0.69296265754 -0.0122176812283
0.0393062202646 -0.00484798545297 0.999214917415
-0.0400685098517 0.999176311142 0.00642393914664
-0.99842340128 -0.0402895585747 0.0390798119791
-3.2677061473
0 0 0

00000029.jpg
C:\Users\henry\Desktop\lu model\Untitled (12-6-2016 11-10-14 PM)\Untitled 19.jpg
2311.26245117
414 646
7.6991560676 -0.56635845145 10.5697210474
-12.677287585 0.343299092735 -3.23810041607
-0.0209968167082 -0.689812651502 -0.0352437591554
0.94090083916 -0.0102907661259 -0.338084613773 -0.0172733461412
0.770800323758 0.0394632779004 -0.635852300799
-0.0255467456169 0.999191559385 0.0310449129069
0.636564086425 -0.00768544902677 0.771185673385
-3.013209783
0 0 0

00000030.jpg
C:\Users\henry\Desktop\lu model\Untitled (12-6-2016 11-10-14 PM)\Untitled 20.jpg
2245.17651367
414 646
8.16222078618 -0.556070043249 11.7470797469
-14.273742783 0.270134555096 -1.05460395061
-0.0196175903486 -0.88872390404 -0.0349788886368
0.902690716963 -0.00948851959174 -0.42985269981 -0.0169183811176
0.629881060005 0.0387014561718 -0.775727084202
-0.0223868061519 0.999247771465 0.0316752290306
0.776369082919 -0.00258556518213 0.630273290495
-2.88928258195
0 0 0

00000031.jpg
C:\Users\henry\Desktop\lu model\Untitled (12-6-2016 11-10-14 PM)\Untitled 39.jpg
2625.27587891
414 646
-7.707395254 -0.43802896322 12.2464385115
11.3602578419 0.800188408917 8.93728772354
-0.0353762324041 1.67426591286 -0.0225232466159
0.669400088667 -0.0156921559784 0.742669302762 -0.00999084060161
-0.103314262075 -0.00993240479375 0.99459925428
-0.0366838831321 0.999307782206 0.00616885476753
-0.993972334199 -0.0358484676456 -0.103607605299
-3.51950672239
0 0 0

00000032.jpg
C:\Users\henry\Desktop\lu model\Untitled (12-6-2016 11-10-14 PM)\Untitled 21.jpg
2298.35986328
414 646
8.29917614645 -0.55188259799 13.5592995048
-15.885053221 0.149510343103 0.8235312485
-0.0146184629854 -1.07256973086 -0.037716217684
0.859418002806 -0.00696339361993 -0.51091043075 -0.0179658333335
0.477295323991 0.0379956513968 -0.877920864454
-0.0237649910121 0.999257820427 0.0303268047574
0.878421623578 0.00638894140706 0.477844069772
-3.06299454816
0 0 0

00000033.jpg
C:\Users\henry\Desktop\lu model\Untitled (12-6-2016 11-10-14 PM)\Untitled 22.jpg
1813.85571289
414 646
8.11371176049 -0.58911977623 12.5190858238
-14.3302004085 -0.0538494267413 4.18918464525
0.000623957409013 -1.27964840265 -0.0490113521104
0.801920619159 0.000291094175456 -0.596992985838 -0.0228652131131
0.286153149051 0.0363245712901 -0.95749509019
-0.0370197721373 0.998954497115 0.0268338970361
0.957468849156 0.0277676347217 0.287199071562
-1.77864692439
0 0 0

00000034.jpg
C:\Users\henry\Desktop\lu model\Untitled (12-6-2016 11-10-14 PM)\Untitled 23.jpg
1859.84936523
414 646
7.5821876384 -0.615163672373 14.402282887
-14.9994352577 -0.10231133388 6.34824580298
-0.000663444301514 -1.4860273851 -0.0516183925075
0.736129877153 -0.000301996575939 -0.676432341085 -0.0234964378429
0.0837749237661 0.0350014520964 -0.995870393824
-0.0341842675148 0.998895471015 0.0322320999136
0.995897830757 0.0313428651042 0.0848783893694
-1.86417044794
0 0 0

00000035.jpg
C:\Users\henry\Desktop\lu model\Untitled (12-6-2016 11-10-14 PM)\Untitled 24.jpg
2226.28417969
414 646
6.91797912816 -0.543180955927 17.6177528522
-16.9978734592 -1.11022302463e-016 8.34332294688
-0.0142233474913 -1.65234849852 -0.040094385289
0.677492530006 -0.00632931058366 -0.735285898481 -0.0178417786186
-0.0819278358928 0.033483030332 -0.996075324947
-0.0148676566124 0.999283367155 0.0348137561069
0.996527489612 0.0176615135448 -0.0813710184079
-2.57155659985
0 0 0

00000036.jpg
C:\Users\henry\Desktop\lu model\Untitled (12-6-2016 11-10-14 PM)\Untitled 25.jpg
1965.51696777
414 646
5.74827098307 -0.486873415805 17.5351139281
-15.0309668905 0.0663473601172 10.7156530247
-0.0205075292644 -1.8727525401 -0.0346152125454
0.592536461661 -0.0088190499259 -0.805357775534 -0.0148859125689
-0.297645597122 0.0318458716551 -0.954144835078
-0.00343591219364 0.999401871322 0.0344282011254
0.954670551667 0.0135257665722 -0.297358440608
-2.04284460286
0 0 0

00000037.jpg
C:\Users\henry\Desktop\lu model\Untitled (12-6-2016 11-10-14 PM)\Untitled 26.jpg
1900.4197998
414 646
4.63373571836 -0.494328623287 18.1049907286
-13.9748198125 -0.0184847583903 12.4181728061
-0.0128034078667 -2.04624963762 -0.0382968716737
0.520530301881 -0.00534146479855 -0.853676655636 -0.0159771050075
-0.458039211832 0.0257528814966 -0.888558671815
-0.00751338767431 0.999432034696 0.0328393436308
0.888899597254 0.0217177664945 -0.457585642158
-1.97904774914
0 0 0

00000038.jpg
C:\Users\henry\Desktop\lu model\Untitled (12-6-2016 11-10-14 PM)\Untitled 27.jpg
1810.15283203
414 646
3.21296970635 -0.439602020424 18.3990913511
-12.4149222739 -1.11022302463e-016 13.9610987922
-0.0092000766139 -2.24152669647 -0.0330665009423
0.434877739475 -0.00369552060247 -0.900384685416 -0.0132822736823
-0.621735492983 0.0182071413258 -0.783016271816
-0.00489751929042 0.999620048616 0.0271325133313
0.783212754789 0.0207041147482 -0.62140996247
-1.8378567269
0 0 0

00000039.jpg
C:\Users\henry\Desktop\lu model\Untitled (12-6-2016 11-10-14 PM)\Untitled 28.jpg
1518.64367676
414 646
1.64484971274 -0.623015643713 17.2986777218
-9.91963875944 -0.173254405401 14.2796706974
0.00648752269178 -2.43901802122 -0.0598015417622
0.343757921042 0.00249703220643 -0.93877229266 -0.0230174725961
-0.763648771992 0.0111365732241 -0.645535909403
-0.020513180885 0.998927938463 0.0414996240532
0.645305737222 0.0449331224534 -0.762601133354
-1.31307211065
0 0 0

00000040.jpg
C:\Users\henry\Desktop\lu model\Untitled (12-6-2016 11-10-14 PM)\Untitled 29.jpg
1580.88769531
414 646
0.0397498895633 -0.634941763448 17.8049166685
-8.61349368761 -0.212039230175 15.594314918
0.00814507741785 -2.63398322387 -0.0647050986621
0.250696800795 0.00299263380414 -0.967768239748 -0.0237737047327
-0.87428412615 0.00612762249298 -0.485375050766
-0.0177123443852 0.99885153841 0.0445144472077
0.4850905557 0.0475154220903 -0.873171868544
-1.41111498016
0 0 0

00000041.jpg
C:\Users\henry\Desktop\lu model\Untitled (12-6-2016 11-10-14 PM)\Untitled 30.jpg
1673.42456055
414 646
-1.64494334395 -0.586082584429 18.1089907437
-6.98095611653 -0.194255280834 16.7992075941
0.0116302425551 -2.83771827865 -0.0605604214958
0.151023887016 0.00405048859079 -0.988298004716 -0.02109150305
-0.954350558748 -0.0016354417973 -0.298683952297
-0.0143767248917 0.999077139881 0.0404659151591
0.298342472511 0.0429127972843 -0.953493723335
-1.5424280198
0 0 0

00000042.jpg
C:\Users\henry\Desktop\lu model\Untitled (12-6-2016 11-10-14 PM)\Untitled 31.jpg
1832.99475098
414 646
-3.02839996166 -0.46877024026 18.6050608652
-5.39713619296 -0.0944691929441 18.066576654
0.0119395157902 -3.01239284426 -0.0435238436315
0.0644104060363 0.00395485515327 -0.997827514379 -0.0144168742101
-0.991671378774 -0.0060349430965 -0.128655012455
-0.00974932998308 0.999552894522 0.0282609563272
0.128426888966 0.0292798916321 -0.991286714125
-1.95721038857
0 0 0

00000043.jpg
C:\Users\henry\Desktop\lu model\Untitled (12-6-2016 11-10-14 PM)\Untitled 32.jpg
1592.20458984
414 646
-4.58963079925 -0.492003675234 16.4829657408
-3.19624609022 -0.0656125662771 16.8159132468
-0.0160836846822 3.05727494571 0.0474360512629
0.0418716728974 -0.00525523213301 0.998943329942 0.0154993999066
-0.996438666755 -0.0117980202395 0.0834919571422
-0.00920207702751 0.999464415484 0.0314088797893
-0.0838177562752 0.0305286983458 -0.996012800764
-1.46459616401
0 0 0

00000044.jpg
C:\Users\henry\Desktop\lu model\Untitled (12-6-2016 11-10-14 PM)\Untitled 33.jpg
1710.74182129
414 646
-5.82289478626 -0.472832021967 16.1645781099
-1.23612635713 -0.057933166453 17.1432777298
-0.0146551791114 2.86745336523 0.0425871824948
0.136466151466 -0.00506243303773 0.990522909334 0.0147111651114
-0.962702665624 -0.0140440338217 0.270196814453
-0.00601372947638 0.999515654627 0.0305252827083
-0.270494583051 0.0277618796935 -0.962320947018
-1.74467960627
0 0 0

00000045.jpg
C:\Users\henry\Desktop\lu model\Untitled (12-6-2016 11-10-14 PM)\Untitled 34.jpg
1750.91467285
414 646
-6.82944760282 -0.418023275401 15.2038122392
0.643024610305 0.0147027461672 16.6600809971
-0.013793263363 2.68058108973 0.0312518480249
0.228364722698 -0.00500925061561 0.973497142806 0.0113496229889
-0.895648844389 -0.0149366886151 0.444511131943
-0.00456927458873 0.999691997707 0.024385428486
-0.444738488312 0.0198096839749 -0.895441367027
-1.84590107529
0 0 0

00000046.jpg
C:\Users\henry\Desktop\lu model\Untitled (12-6-2016 11-10-14 PM)\Untitled 35.jpg
1635.82556152
414 646
-7.3619182541 -0.43039837456 13.6912682944
1.40270747641 -1.11022302463e-016 15.4876221815
-0.0112146576135 2.55765863716 0.0354360748953
0.28770686808 -0.00419889816775 0.957617123538 0.0132676783436
-0.834414171166 -0.0156763743447 0.550914604606
-0.000407565612939 0.999612424263 0.0278267422101
-0.551137489123 0.0229945348452 -0.834097285337
-1.56717072879
0 0 0

00000047.jpg
C:\Users\henry\Desktop\lu model\Untitled (12-6-2016 11-10-14 PM)\Untitled 36.jpg
1693.5982666
414 646
-8.04394784485 -0.326555814558 12.329942006
3.42723803993 0.0724139473597 14.32089321
-0.00423851825665 2.32856247826 0.0214709025943
0.395363486584 -0.00167185188796 0.918484088016 0.00846903725896
-0.687369903496 -0.00976782487639 0.726242092574
0.00362556751844 0.999851047275 0.0168793221898
-0.726298193064 0.0142353654239 -0.687231997684
-1.93162931096
0 0 0

00000048.jpg
C:\Users\henry\Desktop\lu model\Untitled (12-6-2016 11-10-14 PM)\Untitled 38.jpg
2482.01342773
414 646
-8.2028677815 -0.40746754122 13.251319121
9.89823536823 0.721397655809 12.0231049285
-0.0350995156795 1.89726965024 -0.0212113448347
0.582612853374 -0.0150323705656 0.812559942587 -0.009084364544
-0.320672583139 -0.0138440566138 0.947088761454
-0.0350147268061 0.999383089445 0.00275294366285
-0.946542705297 -0.03227926557 -0.32095955864
-3.18210647566
0 0 0

00000049.jpg
C:\Users\henry\Desktop\lu model\Untitled (12-6-2016 11-10-14 PM)\Untitled 37.jpg
1908.72875977
414 646
-8.35436357933 -0.371787474619 11.2334979541
5.64534573663 0.105674051042 12.8157707474
-0.0141162084188 2.08695305796 0.0215027393286
0.503150579617 -0.00584502070187 0.864133162796 0.0089035208885
-0.493610670921 -0.0190613730512 0.869474102502
-0.00114212626846 0.999773162328 0.0212695043837
-0.869682304408 0.00950580216766 -0.49352046833
-1.80001759787
0 0 0

