00000000.jpg
C:\Users\henry\Desktop\IMG_8646 (11-7-2016 11-29-42 PM)\IMG_8646 052.jpg
2014.37268066
960 540
-0.543077692755 0.503914502444 -0.859196417376
-0.17344936186 -0.0839089179142 1.11801211414
0.444994252793 0.618144255567 0.228834808796
0.92197613338 0.216679758079 0.300991185646 0.111425868309
0.793979067594 -0.0750267233767 0.603300658067
0.33590124151 0.881270162023 -0.332470655792
-0.506726100027 0.466623606348 0.72491073247
-0.0470103173473
0 0 0

00000001.jpg
C:\Users\henry\Desktop\IMG_8646 (11-7-2016 11-29-42 PM)\IMG_8646 054.jpg
2018.1151123
960 540
-1.4804006944 0.3109462819 -0.746624364422
0.465908820757 -0.036280329838 1.62090320414
0.430972392105 0.758523615001 0.261789664328
0.898076873551 0.208114195467 0.366286877699 0.126416787644
0.699706975306 -0.074604880061 0.71052629797
0.379523093585 0.881416363093 -0.281195916783
-0.605288797814 0.466414267243 0.645044944827
-0.0505631339377
0 0 0

00000002.jpg
C:\Users\henry\Desktop\IMG_8646 (11-7-2016 11-29-42 PM)\IMG_8646 053.jpg
2014.62536621
960 540
-1.03138234376 0.380233658828 -0.812972999429
0.178767847102 -0.0316781924793 1.3550963757
0.43849453356 0.691492327422 0.245041731896
0.910071097174 0.212634774867 0.335318468328 0.11882563979
0.746885330062 -0.0736789608508 0.660860187531
0.358880160654 0.88133492047 -0.307336660872
-0.559794397964 0.466714390569 0.684697357111
-0.0496839360833
0 0 0

00000003.jpg
C:\Users\henry\Desktop\IMG_8646 (11-7-2016 11-29-42 PM)\IMG_8646 055.jpg
2015.22229004
960 540
-1.94780198373 0.20698206975 -0.72184591765
0.714584701176 0.0248622233925 1.9612704616
0.426647571622 0.827780019466 0.269667168169
0.884787059762 0.20506651671 0.39786928717 0.129614488692
0.649800685119 -0.066183375487 0.757218267583
0.392541513921 0.882295190914 -0.259740846703
-0.650900119474 0.466019954798 0.599296688453
-0.0531973658603
0 0 0

00000004.jpg
C:\Users\henry\Desktop\IMG_8646 (11-7-2016 11-29-42 PM)\IMG_8646 056.jpg
2014.63830566
960 540
-2.28366068442 0.133943700617 -0.749193167667
0.842937574622 0.0450412150382 2.25427484746
0.410337186002 0.868900052001 0.289460141505
0.876725963066 0.196666540138 0.416446699889 0.138732550886
0.614651917992 -0.0794584189539 0.784787353309
0.407063298183 0.884152057407 -0.229295879086
-0.675651182795 0.460394768134 0.575789681854
-0.0552617373179
0 0 0

00000005.jpg
C:\Users\henry\Desktop\IMG_8646 (11-7-2016 11-29-42 PM)\IMG_8646 057.jpg
2010.19909668
960 540
-2.70507104689 -0.00708585145845 -0.730496914869
1.01936643146 0.10052212407 2.60803760999
0.398170849688 0.924652545786 0.311472392945
0.864365299366 0.190000328176 0.441228400536 0.148629305545
0.566454483377 -0.0892728896515 0.819244421129
0.424607167074 0.883619887801 -0.19730075488
-0.706285652943 0.459618007293 0.538435111813
-0.0604960346646
0 0 0

00000006.jpg
C:\Users\henry\Desktop\IMG_8646 (11-7-2016 11-29-42 PM)\IMG_8646 058.jpg
2017.72644043
960 540
-3.16637170473 -0.178073843025 -0.585001214538
1.17141379116 0.167223721538 2.99994424097
0.390130820948 1.02102978358 0.326870474073
0.841670696261 0.184657581535 0.48327607148 0.15471505448
0.485015679734 -0.0819570040659 0.870657116928
0.43891950644 0.883931064071 -0.161301918728
-0.756380113347 0.460381582153 0.464691499974
-0.0486609725641
0 0 0

00000007.jpg
C:\Users\henry\Desktop\IMG_8646 (11-7-2016 11-29-42 PM)\IMG_8646 059.jpg
2021.33312988
960 540
-3.57308875901 -0.297844140171 -0.381471802333
1.34050447132 0.143031004957 3.34421110987
0.379185214495 1.09054119303 0.342720115306
0.824098976091 0.178339962247 0.512907855473 0.161189545606
0.421888629884 -0.0827285485326 0.902867017806
0.44861600943 0.884425770343 -0.128588752022
-0.787880336291 0.459290369114 0.410242089347
-0.0531987410335
0 0 0

00000008.jpg
C:\Users\henry\Desktop\IMG_8646 (11-7-2016 11-29-42 PM)\IMG_8646 060.jpg
2024.40979004
960 540
-3.9798589352 -0.497362100669 -0.171821047144
1.5285943676 0.130744510141 3.70977882966
0.359148007644 1.15076190917 0.368080922667
0.807896423638 0.167920640862 0.538041902376 0.172097249902
0.361787217535 -0.0973770999077 0.927161621045
0.458769910947 0.884370923384 -0.0861338799601
-0.811566893744 0.456516060869 0.36462838439
-0.0554962252436
0 0 0

00000009.jpg
C:\Users\henry\Desktop\IMG_8646 (11-7-2016 11-29-42 PM)\IMG_8646 051.jpg
2008.33813477
960 540
-0.17729230864 0.565336925056 -0.900524455942
-0.455505313804 -0.084479721475 0.973322487573
0.456186196476 0.56757600512 0.216357619707
0.9287312016 0.222648265904 0.277013671796 0.105596463056
0.824226518665 -0.0727882773955 0.561563861154
0.319494642679 0.878555739426 -0.35505731947
-0.467521099914 0.472064246639 0.747384321207
-0.0532541654208
0 0 0

00000010.jpg
C:\Users\henry\Desktop\IMG_8646 (11-7-2016 11-29-42 PM)\IMG_8646 061.jpg
2021.25
960 540
-4.38222931423 -0.698764887561 -0.0194765989966
1.63044857934 0.180396392051 4.12330936965
0.353997776015 1.21206709815 0.390469298317
0.789471446923 0.164394100781 0.562875515575 0.181331221631
0.300580393554 -0.101245343131 0.948367532637
0.471377944522 0.880187774139 -0.0554349166434
-0.829129058236 0.463702877793 0.312292494333
-0.0566803491637
0 0 0

00000011.jpg
C:\Users\henry\Desktop\IMG_8646 (11-7-2016 11-29-42 PM)\IMG_8646 050.jpg
2012.69824219
960 540
0.310447825136 0.57954720406 -0.88653418659
-0.805012362099 -0.0583173935172 0.752825959345
0.471919908706 0.499274783373 0.200746831258
0.93664572145 0.230955559957 0.244342917175 0.0982446300049
0.861290964398 -0.0711762132642 0.503105973736
0.296905436134 0.874016522853 -0.384636433561
-0.412345018016 0.480657714753 0.773913342789
-0.0463472807836
0 0 0

00000012.jpg
C:\Users\henry\Desktop\IMG_8646 (11-7-2016 11-29-42 PM)\IMG_8646 062.jpg
2022.9095459
960 540
-4.7354302412 -0.903422278194 0.314223913913
1.77796290081 0.137180290097 4.48990783799
0.346917307914 1.28361601591 0.418298192567
0.76679915494 0.159752915116 0.591095906005 0.192623297039
0.227002709286 -0.106548175334 0.96804752172
0.48426535023 0.874751956491 -0.0172792579747
-0.844959843131 0.472714343265 0.250169110288
-0.0550490726457
0 0 0

00000013.jpg
C:\Users\henry\Desktop\IMG_8646 (11-7-2016 11-29-42 PM)\IMG_8646 063.jpg
2022.93664551
960 540
-5.32986368801 -1.05152564001 0.694250239212
1.93103617032 0.0686989530016 5.12459019984
0.34458011807 1.35812569002 0.430663728616
0.743221520358 0.157274053115 0.619878863311 0.196564533405
0.15422676118 -0.0972003708096 0.983244240214
0.487163594652 0.873254483722 0.00991366083028
-0.859585004695 0.477471504305 0.182031668389
-0.0585277220328
0 0 0

00000014.jpg
C:\Users\henry\Desktop\IMG_8646 (11-7-2016 11-29-42 PM)\IMG_8646 064.jpg
2031.69787598
960 540
-5.46594244967 -1.32966468715 1.17167294088
2.14832799708 5.55111512313e-017 5.32935266046
0.321789732617 1.41939338525 0.454526233325
0.723202791451 0.145756094371 0.64292056346 0.205879684289
0.0885341938731 -0.110366669832 0.989940485909
0.48520437969 0.872737290223 0.0539064596131
-0.869907298793 0.475551316893 0.130817626155
-0.0598494174878
0 0 0

00000015.jpg
C:\Users\henry\Desktop\IMG_8646 (11-7-2016 11-29-42 PM)\IMG_8646 065.jpg
2026.48913574
960 540
-5.781128296 -1.4842441548 1.43657179122
2.17597103609 -0.0446645711764 5.74032129839
0.305269530386 1.47085826253 0.466685287948
0.706318421031 0.137377703731 0.661917127349 0.21001818669
0.0355163736637 -0.114813958387 0.992752371019
0.478544897656 0.87403987967 0.0839644524057
-0.87734466995 0.472094063542 0.0859865942177
-0.0686979526241
0 0 0

00000016.jpg
C:\Users\henry\Desktop\IMG_8646 (11-7-2016 11-29-42 PM)\IMG_8646 066.jpg
2030.64282227
960 540
-5.94144691254 -1.69840119781 1.88755492956
2.27876535707 -0.018020480642 6.04608251338
0.290876800007 1.5393669009 0.467326162787
0.684110716048 0.129774853372 0.686789437473 0.208497839124
-0.0303020169729 -0.107015156886 0.993795506628
0.463527267183 0.879374979159 0.108827174891
-0.885564548747 0.463948646352 0.0229569250623
-0.0689518362856
0 0 0

00000017.jpg
C:\Users\henry\Desktop\IMG_8646 (11-7-2016 11-29-42 PM)\IMG_8646 067.jpg
2025.15209961
960 540
-6.20583381727 -1.8277423025 2.25543578181
2.32131987733 -0.0642782205756 6.44571656665
0.262900410692 1.59182484603 0.463502205082
0.667966654072 0.116551154204 0.705700773185 0.205483577741
-0.0804725105066 -0.110011891068 0.990667960785
0.439012820493 0.888384792238 0.134315075843
-0.894870376175 0.445724213851 -0.0231944779255
-0.0729845461033
0 0 0

00000018.jpg
C:\Users\henry\Desktop\IMG_8646 (11-7-2016 11-29-42 PM)\IMG_8646 068.jpg
2041.0065918
960 540
-6.48380010453 -2.0649825568 2.47081466913
2.35406110269 0.0672279139938 6.84562257817
0.260791603618 1.62833983613 0.464772356834
0.654959859273 0.115021811338 0.718177252748 0.204987268
-0.115595455899 -0.103304819564 0.987910706617
0.433728909245 0.889500716929 0.143764707081
-0.893598382954 0.445103384552 -0.0580155919944
-0.0764128677469
0 0 0

00000019.jpg
C:\Users\henry\Desktop\IMG_8646 (11-7-2016 11-29-42 PM)\IMG_8646 069.jpg
2038.52294922
960 540
-6.60774588858 -2.2193555637 2.72211293838
2.22666679332 0.0668236430551 7.14388880323
0.261423013325 1.6840605357 0.483510032842
0.632712294233 0.114278056031 0.736167645728 0.211360835919
-0.173231221766 -0.0992055654862 0.979872947039
0.435716832135 0.884534262291 0.166583158453
-0.883256333236 0.455803682501 -0.110003651429
-0.0805273446007
0 0 0

00000020.jpg
C:\Users\henry\Desktop\IMG_8646 (11-7-2016 11-29-42 PM)\IMG_8646 070.jpg
2047.75964355
960 540
-6.73300121526 -2.41523583965 3.10461391088
2.18629025522 0.0603804248809 7.48476548678
0.249520095387 1.74230669729 0.494587605975
0.610483142816 0.108096280714 0.754796416487 0.214263627184
-0.23125137165 -0.0984273202471 0.967902993329
0.424790009811 0.884813134622 0.191468415438
-0.875258960763 0.455432244145 -0.162803092324
-0.0783885420304
0 0 0

00000021.jpg
C:\Users\henry\Desktop\IMG_8646 (11-7-2016 11-29-42 PM)\IMG_8646 071.jpg
2047.8182373
960 540
-6.91363533186 -2.53376578797 3.48745176373
2.03267716927 0.0313492234379 7.88972960766
0.235124129949 1.80608076859 0.498119041172
0.586468680971 0.100859596767 0.774742167418 0.21367473277
-0.291763687133 -0.0943466147711 0.951826587736
0.406907539967 0.888340469336 0.212783634053
-0.865621480338 0.44938761277 -0.220794727161
-0.0752974813727
0 0 0

00000022.jpg
C:\Users\henry\Desktop\IMG_8646 (11-7-2016 11-29-42 PM)\IMG_8646 049.jpg
2010.35742188
960 540
1.00266988275 0.646419798479 -0.780655363403
-1.33795470076 -0.115747602631 0.478649550769
0.478261537146 0.404588569797 0.17996285546
0.947367019026 0.23492047161 0.198732555814 0.0883971542624
0.905383009663 -0.0741163385521 0.418077865505
0.260861855544 0.873997579909 -0.409977044188
-0.335012810437 0.480246583401 0.810636485381
-0.0487228087154
0 0 0

00000023.jpg
C:\Users\henry\Desktop\IMG_8646 (11-7-2016 11-29-42 PM)\IMG_8646 048.jpg
2006.19604492
960 540
1.62903967359 0.622985696763 -0.599105554996
-1.83100450657 -0.131111719936 0.176167532945
0.48359575015 0.342101513712 0.166928784646
0.953027177337 0.237999908436 0.168364029076 0.0821534007457
0.929809847541 -0.0764476434168 0.360016198415
0.236730051068 0.873213642164 -0.42597726531
-0.281805783165 0.481304258462 0.830019713263
-0.0505979973241
0 0 0

00000024.jpg
C:\Users\henry\Desktop\IMG_8646 (11-7-2016 11-29-42 PM)\IMG_8646 072.jpg
2054.73852539
960 540
-7.12667729072 -2.66500432871 3.91164770227
1.8496671421 -0.0402933443793 8.35283695045
0.219958327864 1.87033457927 0.507198463811
0.561031566392 0.0933587107499 0.793841391174 0.215274389179
-0.353055324153 -0.0933270371144 0.930935406836
0.389775873947 0.889882426489 0.237033842837
-0.850544909793 0.44654257775 -0.277801428382
-0.0651371517428
0 0 0

00000025.jpg
C:\Users\henry\Desktop\IMG_8646 (11-7-2016 11-29-42 PM)\IMG_8646 047.jpg
2009.22668457
960 540
2.13141367922 0.578256515774 -0.44952003356
-2.24841536915 -0.151938775181 0.0302360430204
0.497868968882 0.269035337092 0.134617260102
0.958000504437 0.245439586665 0.132629117421 0.0663636553843
0.956010927827 -0.0620479694497 0.28669397942
0.192257691888 0.870710892009 -0.452659100187
-0.221541066149 0.487865891147 0.844338046174
-0.0537122404363
0 0 0

00000026.jpg
C:\Users\henry\Desktop\IMG_8646 (11-7-2016 11-29-42 PM)\IMG_8646 046.jpg
2014.93457031
960 540
2.57505745876 0.49542803064 -0.372859172216
-2.64364812821 -0.139601463926 -0.0838467726361
0.506723317107 0.231971432477 0.104629900635
0.960077666914 0.249981002558 0.114438095303 0.0516169013255
0.968479208799 -0.0418977386297 0.245545489806
0.156327198162 0.869690043553 -0.468188293694
-0.193932348374 0.491816417143 0.848827253677
-0.0515668030218
0 0 0

00000027.jpg
C:\Users\henry\Desktop\IMG_8646 (11-7-2016 11-29-42 PM)\IMG_8646 073.jpg
2064.19604492
960 540
-7.25423006129 -2.86052637752 4.50542020794
1.74608403549 -0.0347619043403 8.83488995768
0.213428593196 1.94500275699 0.510253681701
0.530964999217 0.08944005522 0.815078951622 0.213828507156
-0.420153608562 -0.0812693411385 0.903806219527
0.3728724714 0.89255648002 0.253595311503
-0.827307360111 0.443553466902 -0.344707549885
-0.0597558205426
0 0 0

00000028.jpg
C:\Users\henry\Desktop\IMG_8646 (11-7-2016 11-29-42 PM)\IMG_8646 074.jpg
2060.61694336
960 540
-7.28674244566 -2.9838821733 4.9191744381
1.4895648967 -0.0367996789917 9.16396889456
0.201204980773 2.01473331343 0.514963097612
0.502241072747 0.0832788642573 0.833899347217 0.213143540178
-0.481636370939 -0.075205828526 0.87313735113
0.352991932547 0.895268556842 0.27182800443
-0.802136659705 0.439132268916 -0.404647805288
-0.0631736930883
0 0 0

00000029.jpg
C:\Users\henry\Desktop\IMG_8646 (11-7-2016 11-29-42 PM)\IMG_8646 075.jpg
2063.31347656
960 540
-7.28978159342 -3.14510325039 5.5528103721
1.17914485288 -0.0335061590056 9.61638650776
0.195771518087 2.10819600938 0.520620722247
0.462335358429 0.0796168224833 0.857366122914 0.211727262624
-0.559814718357 -0.0592551454582 0.826495359603
0.33230085396 0.897665724245 0.289438214351
-0.759067335368 0.436676902991 -0.482835071273
-0.0708983585257
0 0 0

00000030.jpg
C:\Users\henry\Desktop\IMG_8646 (11-7-2016 11-29-42 PM)\IMG_8646 044.jpg
2000.44665527
960 540
3.64641835429 0.308623898813 0.0605009519661
-3.64060308044 -0.0522907523347 -0.372214324105
0.488861856443 0.107902587357 0.0978507450036
0.967650504611 0.241789460616 0.053368263554 0.048396655504
0.989619463217 -0.0678545244272 0.126687365638
0.119469668053 0.878390811403 -0.462769560263
-0.079879942995 0.473101214037 0.877379721673
-0.0676978483146
0 0 0

00000031.jpg
C:\Users\henry\Desktop\IMG_8646 (11-7-2016 11-29-42 PM)\IMG_8646 043.jpg
2007.78747559
960 540
3.65882781826 0.079212172597 0.241977744908
-3.64085403195 0 -0.442739996481
0.486959936399 0.0591617629477 0.0669350707006
0.969517466656 0.241000941774 0.0292796994613 0.0331267808105
0.996091094276 -0.0501210470044 0.0727414322757
0.0783469234351 0.88164240157 -0.465369158242
-0.0408072879088 0.46924933188 0.882122976755
-0.0659826906982
0 0 0

00000032.jpg
C:\Users\henry\Desktop\IMG_8646 (11-7-2016 11-29-42 PM)\IMG_8646 042.jpg
2001.73071289
960 540
3.78303983587 -0.0523600816814 0.314533295922
-3.77329645211 -0.0243193255175 -0.417996246206
0.49107091029 0.0250062074582 0.027722072192
0.969834934427 0.243061589888 0.0123771300936 0.0137213807635
0.999316563557 -0.02059809409 0.0306776052001
0.0326318035621 0.881466145142 -0.471119571509
-0.0173374874108 0.471798912854 0.881536491443
-0.0662396678787
0 0 0

00000033.jpg
C:\Users\henry\Desktop\IMG_8646 (11-7-2016 11-29-42 PM)\IMG_8646 041.jpg
2003.58886719
960 540
4.04987313868 -0.239090504216 0.584193997542
-4.05012522694 -0.038832400558 -0.628407568912
0.482990527347 -0.00123703651559 0.00502215774945
0.970978279341 0.239154509424 -0.000612523112309 0.00248673960422
0.99998686989 -0.00512226048854 0
0.00453602007977 0.885598311472 -0.46443085089
0.00237898655058 0.464424485338 0.885610094448
-0.0685810409821
0 0 0

00000034.jpg
C:\Users\henry\Desktop\IMG_8646 (11-7-2016 11-29-42 PM)\IMG_8646 040.jpg
2004.00085449
960 540
4.38546360467 -0.437795502188 0.586534190699
-4.4109859858 0.110708856938 -0.546735919135
0.479361608246 -0.0387641294235 -0.0111708309204
0.971212289302 0.237376405688 -0.0191957168741 -0.00553171477822
0.99920194226 0.00163177937648 -0.0399123350686
-0.0198580981176 0.887243180851 -0.460873380529
0.0346601294517 0.46129814905 0.886568120451
-0.062099165265
0 0 0

00000035.jpg
C:\Users\henry\Desktop\IMG_8646 (11-7-2016 11-29-42 PM)\IMG_8646 039.jpg
2004.8223877
960 540
4.67648840728 -0.573007088377 0.92104170086
-4.75245132527 0.0425958361852 -0.677189342264
0.469428895647 -0.0813859657297 -0.0307927612388
0.971643216875 0.232491642903 -0.0403076100709 -0.0152505730182
0.996285429996 0.0108941082846 -0.0854200702624
-0.048378355022 0.891430463712 -0.450568350522
0.0712383933929 0.453027360705 0.888646269892
-0.0694004472045
0 0 0

00000036.jpg
C:\Users\henry\Desktop\IMG_8646 (11-7-2016 11-29-42 PM)\IMG_8646 038.jpg
2001.82336426
960 540
4.91436472975 -0.814513457267 1.22989637247
-5.08471525792 -0.0155775074376 -0.687373262105
0.471310230617 -0.143920363793 -0.0722156787016
0.969152325319 0.233226957703 -0.0712187141687 -0.035735789185
0.987301839458 0.0360465092456 -0.154712902214
-0.102487183497 0.88865644471 -0.446974563766
0.121374227557 0.457155229775 0.881066634516
-0.0704164569336
0 0 0

00000037.jpg
C:\Users\henry\Desktop\IMG_8646 (11-7-2016 11-29-42 PM)\IMG_8646 037.jpg
2006.05029297
960 540
5.09580657589 -1.13171160555 1.50484802555
-5.39405275175 0.0189187911722 -0.645291950031
0.47124972661 -0.21174482385 -0.110613389114
0.965309218062 0.23289383905 -0.10464529132 -0.0546656589626
0.972122602683 0.0567962456825 -0.227493164658
-0.15428081235 0.885545073169 -0.43818820741
0.176567092693 0.461070071248 0.869619870048
-0.0738855335551
0 0 0

00000038.jpg
C:\Users\henry\Desktop\IMG_8646 (11-7-2016 11-29-42 PM)\IMG_8646 036.jpg
2000.44287109
960 540
5.26936300959 -1.35015221304 1.74187930641
-5.68856159318 -0.0242570228362 -0.512785787428
0.471183256778 -0.275337534024 -0.147188793343
0.960329022766 0.232467926876 -0.135843421439 -0.0726186110296
0.952545767039 0.0763173431592 -0.294671755289
-0.2026336959 0.881370546781 -0.426761786123
0.227145765349 0.46622100204 0.855011014044
-0.0736763653984
0 0 0

00000039.jpg
C:\Users\henry\Desktop\IMG_8646 (11-7-2016 11-29-42 PM)\IMG_8646 035.jpg
1995.47900391
960 540
5.38716942828 -1.43015666119 1.86115927717
-5.87235909649 -0.128259915872 -0.172668554904
0.471350870642 -0.344999419972 -0.182979148316
0.953529886296 0.232013377297 -0.169819312064 -0.090067957481
0.926098342986 0.0929645925595 -0.365649850113
-0.250565364464 0.876115613679 -0.411872207199
0.282061307179 0.473054549893 0.834663019572
-0.0733412632314
0 0 0

00000040.jpg
C:\Users\henry\Desktop\IMG_8646 (11-7-2016 11-29-42 PM)\IMG_8646 045.jpg
2005.10778809
960 540
3.10066726154 0.34414867701 -0.179688750391
-3.1149348841 -0.0712007142778 -0.238685829624
0.501053164786 0.164874327141 0.0904763580101
0.964410206722 0.247547407212 0.0814568494283 0.0447002222787
0.982733573536 -0.0458899742448 0.179246378264
0.126547428188 0.873443749222 -0.470191885921
-0.13498488972 0.484757098729 0.864170864557
-0.0623808683815
0 0 0

00000041.jpg
C:\Users\henry\Desktop\IMG_8646 (11-7-2016 11-29-42 PM)\IMG_8646 034.jpg
1996.5246582
960 540
5.72488483069 -1.73681682439 2.07257739748
-6.32948804533 -0.0962483043371 0.121277581783
0.474074846357 -0.414956725716 -0.216064654669
0.945058195811 0.232680223229 -0.203664514816 -0.106046487104
0.894550104002 0.105662717661 -0.434299425158
-0.295217689436 0.869227983111 -0.396596728778
0.335599850534 0.482988679085 0.808761886768
-0.065148108089
0 0 0

00000042.jpg
C:\Users\henry\Desktop\IMG_8646 (11-7-2016 11-29-42 PM)\IMG_8646 033.jpg
1999.10205078
960 540
5.81898516571 -2.04165142283 2.45288413655
-6.62935659971 -0.181260215048 0.253593980291
0.479307352909 -0.486989705705 -0.25646533872
0.934152069656 0.234369982378 -0.238126471567 -0.125405497228
0.85513878341 0.122676206229 -0.503674860782
-0.345915012897 0.858688393965 -0.378149780185
0.386110484234 0.49759903623 0.776733179593
-0.0639568327272
0 0 0

00000043.jpg
C:\Users\henry\Desktop\IMG_8646 (11-7-2016 11-29-42 PM)\IMG_8646 032.jpg
2002.41442871
960 540
5.87661025171 -2.25031998832 2.73986889071
-6.84531905667 -0.203715107275 0.453225931783
0.474302663952 -0.552542360866 -0.280760688742
0.924824750807 0.231178366843 -0.269312930971 -0.136844682583
0.817488563372 0.128595658831 -0.561405060842
-0.377633739047 0.855660172508 -0.353890911671
0.434863996257 0.501306990358 0.748054542942
-0.0586427355578
0 0 0

00000044.jpg
C:\Users\henry\Desktop\IMG_8646 (11-7-2016 11-29-42 PM)\IMG_8646 031.jpg
2004.50292969
960 540
6.14244073779 -2.3871420048 2.97398845866
-7.19928858658 -0.122197585541 0.654163538556
0.452802726406 -0.591790126251 -0.277402558102
0.922010668461 0.22048454959 -0.288162088761 -0.135076435082
0.7974341418 0.122013360681 -0.590941654997
-0.376154296131 0.866282513623 -0.328730786554
0.471812425338 0.484425641255 0.736698035598
-0.0584497513394
0 0 0

00000045.jpg
C:\Users\henry\Desktop\IMG_8646 (11-7-2016 11-29-42 PM)\IMG_8646 030.jpg
2006.56835938
960 540
6.33141891524 -2.5536613298 3.19494304883
-7.48705343436 -0.0840581351251 0.86753073339
0.445684289184 -0.633851798162 -0.284770245544
0.916015819743 0.21656809419 -0.308002950201 -0.138376314481
0.771973155896 0.120102602606 -0.624207334109
-0.386916969964 0.867901315513 -0.311519260955
0.504334965536 0.481999940363 0.716465456666
-0.0524206936763
0 0 0

00000046.jpg
C:\Users\henry\Desktop\IMG_8646 (11-7-2016 11-29-42 PM)\IMG_8646 029.jpg
2005.54858398
960 540
6.43835000451 -2.75203839072 3.41063288374
-7.70314862859 -0.0410779578312 1.14816541161
0.436662386021 -0.687458838878 -0.30004855883
0.90730576044 0.211542543519 -0.333041718262 -0.1453595211
0.735907817002 0.122866058413 -0.665841017941
-0.404676064901 0.868240840261 -0.287045681475
0.542841659844 0.480689391777 0.688666314449
-0.0506189589287
0 0 0

00000047.jpg
C:\Users\henry\Desktop\IMG_8646 (11-7-2016 11-29-42 PM)\IMG_8646 028.jpg
2010.4934082
960 540
6.53079577026 -2.93307710855 3.69580737213
-7.93962431206 -0.0154625154745 1.36942456486
0.415885394701 -0.735891936196 -0.312699462453
0.900171959265 0.200976013355 -0.355618710061 -0.151111561365
0.701401697969 0.129111437091 -0.700975748192
-0.414994123954 0.873548304157 -0.254349952622
0.579496215758 0.469301934207 0.666288222861
-0.0491320794676
0 0 0

00000048.jpg
C:\Users\henry\Desktop\IMG_8646 (11-7-2016 11-29-42 PM)\IMG_8646 027.jpg
2014.77233887
960 540
6.57093957719 -3.17397018832 4.10464768235
-8.24529841509 -0.00562681682352 1.45412776311
0.40701158538 -0.781448557092 -0.324389524369
0.891815432197 0.196112724441 -0.37652983612 -0.156302463343
0.667589813816 0.131101571614 -0.732896163535
-0.426470223985 0.874218715076 -0.232087587881
0.610284310601 0.467497828547 0.639530531524
-0.0386606336854
0 0 0

00000049.jpg
C:\Users\henry\Desktop\IMG_8646 (11-7-2016 11-29-42 PM)\IMG_8646 026.jpg
2016.4041748
960 540
6.54375314242 -3.31701446875 4.4069348603
-8.40215569546 0.0133852282428 1.62723440112
0.386213448465 -0.828708119716 -0.334760513415
0.883824185543 0.185569033986 -0.398180244224 -0.160846768382
0.631162264438 0.136540714878 -0.763539140574
-0.432100341371 0.879384987154 -0.199928568405
0.644146179627 0.456113032894 0.614033512211
-0.0435904017009
0 0 0

00000050.jpg
C:\Users\henry\Desktop\IMG_8646 (11-7-2016 11-29-42 PM)\IMG_8646 025.jpg
2017.01196289
960 540
6.61102704237 -3.42071754248 4.63057453792
-8.56555288065 0.0543057057157 1.86483069063
0.363659124908 -0.866769744296 -0.339797589195
0.877702318524 0.174354854124 -0.41556914697 -0.162914540123
0.601521957929 0.141067864923 -0.786301780736
-0.430894013425 0.886118114197 -0.170658487448
0.672682234475 0.441468151394 0.593805367642
-0.047896268585
0 0 0

00000051.jpg
C:\Users\henry\Desktop\IMG_8646 (11-7-2016 11-29-42 PM)\IMG_8646 024.jpg
2012.31713867
960 540
6.60308749763 -3.53484159831 4.98319787895
-8.74958055282 4.99600361081e-016 2.09115798172
0.355402908172 -0.917972108421 -0.350846974459
0.866568092042 0.169725136385 -0.438383979752 -0.16754941848
0.559493691122 0.141576671863 -0.816653927294
-0.439195247719 0.886241430347 -0.147254584645
0.702904348369 0.441058965792 0.558025911114
-0.0428180569689
0 0 0

00000052.jpg
C:\Users\henry\Desktop\IMG_8646 (11-7-2016 11-29-42 PM)\IMG_8646 023.jpg
2016.18847656
960 540
6.519371949 -3.76834142751 5.31930563589
-8.91113021878 0.0664310722053 2.36326018675
0.352943977387 -0.980370494843 -0.362520357775
0.851679085786 0.167657695398 -0.465701834661 -0.172206728584
0.506933253499 0.137172742394 -0.851000773623
-0.449486734274 0.884470562865 -0.125187113421
0.735513277548 0.445975097545 0.510025244296
-0.0498581272687
0 0 0

00000053.jpg
C:\Users\henry\Desktop\IMG_8646 (11-7-2016 11-29-42 PM)\IMG_8646 022.jpg
2017.30090332
960 540
6.46887292364 -3.9480729615 5.73176627535
-9.10213246393 0.0294246297322 2.72712040716
0.334755304667 -1.04668949602 -0.380678920062
0.835643337818 0.158103157492 -0.494345905584 -0.179792637827
0.446592653494 0.144170262821 -0.883044835274
-0.456799817134 0.885355662205 -0.0864761033208
0.769342615041 0.441995297665 0.461250836457
-0.0461115238557
0 0 0

00000054.jpg
C:\Users\henry\Desktop\IMG_8646 (11-7-2016 11-29-42 PM)\IMG_8646 021.jpg
2010.8260498
960 540
6.37359565136 -4.21331524405 6.10542380794
-9.27307925052 -0.0299571483184 3.10806495181
0.329113939237 -1.11313521374 -0.409081432089
0.816558337028 0.154366015487 -0.522099574514 -0.191873582832
0.381192879664 0.152162395828 -0.911887480146
-0.474541499039 0.878711103301 -0.0517434506173
0.793411561169 0.452451976981 0.407166088118
-0.0515280500548
0 0 0

00000055.jpg
C:\Users\henry\Desktop\IMG_8646 (11-7-2016 11-29-42 PM)\IMG_8646 020.jpg
2014.71936035
960 540
6.27931938476 -4.46679085985 6.39234075853
-9.41242582026 -0.0591387560352 3.41275350697
0.32880357166 -1.16502697147 -0.432699142869
0.800436604231 0.153312727319 -0.543222391092 -0.201756584842
0.328407276729 0.156421129422 -0.931494084237
-0.489552293187 0.871578958811 -0.0262367877762
0.807766260036 0.464631687587 0.36280879403
-0.044411854071
0 0 0

00000056.jpg
C:\Users\henry\Desktop\IMG_8646 (11-7-2016 11-29-42 PM)\IMG_8646 019.jpg
2017.16369629
960 540
6.19669386174 -4.6864138494 6.57142146869
-9.47575194577 -0.0160277632435 3.70876327412
0.331062172741 -1.2104318715 -0.448086176702
0.78614808514 0.153553974445 -0.561425133911 -0.207832301578
0.283215126508 0.154355427874 -0.946553701041
-0.49919243579 0.866453886471 -0.00806806080412
0.818899474854 0.474796591098 0.322446234096
-0.0421898622681
0 0 0

00000057.jpg
C:\Users\henry\Desktop\IMG_8646 (11-7-2016 11-29-42 PM)\IMG_8646 018.jpg
2004.2142334
960 540
6.19951084861 -4.8111506369 6.74460919231
-9.49663685648 -0.132426516607 4.10699385341
0.322868954036 -1.25302849183 -0.472732497433
0.772006844463 0.148968455485 -0.578134617074 -0.218113972
0.236371711945 0.164522881671 -0.957631660866
-0.509019035357 0.860469273188 0.0221891380474
0.827663864743 0.482207807022 0.287137286455
-0.0497346140052
0 0 0

00000058.jpg
C:\Users\henry\Desktop\IMG_8646 (11-7-2016 11-29-42 PM)\IMG_8646 017.jpg
1992.88781738
960 540
5.93067788683 -5.11680771 7.03865802939
-9.57730802091 -0.157100248618 4.37581778945
0.315169188102 -1.30980149722 -0.504487371199
0.752284459739 0.14434392946 -0.599874296279 -0.231049519658
0.173534535675 0.174453310821 -0.96925368742
-0.520806541454 0.85156139226 0.0600261624829
0.83585075613 0.494376942445 0.238631705521
-0.0545267221401
0 0 0

00000059.jpg
C:\Users\henry\Desktop\IMG_8646 (11-7-2016 11-29-42 PM)\IMG_8646 016.jpg
1996.82922363
960 540
5.78482476857 -5.38645850668 7.31833127858
-9.71269043551 -0.220938659254 4.65304529667
0.311346560532 -1.35307518789 -0.531625193971
0.736194388672 0.141726897514 -0.615928270269 -0.241999106247
0.124137944135 0.181728516083 -0.975481690333
-0.530905020248 0.842699023038 0.0894311488759
0.838290055253 0.506785335571 0.201091744476
-0.0523491165952
0 0 0

00000060.jpg
C:\Users\henry\Desktop\IMG_8646 (11-7-2016 11-29-42 PM)\IMG_8646 015.jpg
2006.67578125
960 540
5.65338803927 -5.60505515016 7.57796526717
-9.82537430501 -0.314396476374 4.91589773989
0.303632771176 -1.39072667174 -0.557519368959
0.721807875258 0.137458323301 -0.62959922187 -0.252395936605
0.0798027714405 0.191274848739 -0.978287192958
-0.537450650161 0.834802310216 0.119380076176
0.839511513452 0.51625407729 0.169421353484
-0.0428507147422
0 0 0

00000061.jpg
C:\Users\henry\Desktop\IMG_8646 (11-7-2016 11-29-42 PM)\IMG_8646 014.jpg
2005.57385254
960 540
5.69417776727 -5.80941617495 7.67480241968
-9.91942050092 -0.287317992077 5.15732402339
0.297056864404 -1.40702647331 -0.570686558183
0.715420086266 0.13415185846 -0.635417790047 -0.257723929498
0.0596454378362 0.198276487205 -0.978329297005
-0.539247016293 0.831163105123 0.135575422013
0.840033303677 0.519475158622 0.156495056373
-0.045832672394
0 0 0

00000062.jpg
C:\Users\henry\Desktop\IMG_8646 (11-7-2016 11-29-42 PM)\IMG_8646 013.jpg
1998.29699707
960 540
5.96303442987 -5.86864710717 7.70778000848
-10.0207236885 -0.298878017676 5.37627496378
0.289980243349 -1.40099539807 -0.570467338115
0.717830481756 0.131077433476 -0.633280664125 -0.25786375547
0.0649243614296 0.204187378206 -0.976776347912
-0.536222477059 0.832649677595 0.138417495217
0.84157630895 0.514783004094 0.163548363127
-0.056137575979
0 0 0

00000063.jpg
C:\Users\henry\Desktop\IMG_8646 (11-7-2016 11-29-42 PM)\IMG_8646 012.jpg
1997.64001465
960 540
5.91383597855 -5.82825582335 7.99281335183
-10.0790626323 -0.410136421238 5.57415993857
0.260357264069 -1.4260413061 -0.575791872714
0.710990410976 0.117377777734 -0.642907199326 -0.259586267732
0.0385704312515 0.218200030602 -0.975140732675
-0.520053358112 0.83767464266 0.166871124107
0.853262682797 0.500689021829 0.145784384089
-0.0620173150258
0 0 0

00000064.jpg
C:\Users\henry\Desktop\IMG_8646 (11-7-2016 11-29-42 PM)\IMG_8646 011.jpg
1985.08703613
960 540
5.42191980805 -5.95815980224 8.25628821758
-9.89593852689 -0.476352137298 5.9081816767
0.245428731725 -1.50334296066 -0.605403500925
0.682534420853 0.109430616618 -0.67030353788 -0.269934485433
-0.0443429266808 0.221775241723 -0.974088457179
-0.515183069011 0.8303199876 0.21249592356
0.855932490912 0.511256573706 0.0774358816785
-0.0544968981156
0 0 0

00000065.jpg
C:\Users\henry\Desktop\IMG_8646 (11-7-2016 11-29-42 PM)\IMG_8646 076.jpg
2072.92675781
960 540
-7.26033414217 -3.34463202814 6.12386998692
0.882319205113 0.0196685282861 10.0310455627
0.194435585639 2.19132775447 0.5277765664
0.425592641041 0.0777717554082 0.876503164685 0.211103897969
-0.62564489386 -0.0433538423533 0.778902389094
0.31602321953 0.898773425852 0.303868734589
-0.713230797864 0.43626508172 -0.548612147558
-0.0611432560873
0 0 0

00000066.jpg
C:\Users\henry\Desktop\IMG_8646 (11-7-2016 11-29-42 PM)\IMG_8646 077.jpg
2084.02441406
960 540
-7.02162795088 -3.68373479602 6.66904040015
0.627561662716 0.0341781188619 10.3418667733
0.169369287504 2.27415306219 0.551562667793
0.387292682624 0.066554754402 0.893643120057 0.216740109339
-0.691149957446 -0.0489304567494 0.721053527552
0.286836976763 0.897188190813 0.335825511726
-0.66335223755 0.438930189221 -0.606055745311
-0.0547102408898
0 0 0

00000067.jpg
C:\Users\henry\Desktop\IMG_8646 (11-7-2016 11-29-42 PM)\IMG_8646 010.jpg
2010.453125
960 540
4.98944605433 -6.17025502066 8.5280849676
-9.84386740074 -0.431378487062 6.21345823412
0.235062200121 -1.57068381815 -0.625984800334
0.657315468773 0.103771012521 -0.693397109682 -0.276348458068
-0.114336045366 0.219387051114 -0.968915512586
-0.507205413924 0.825726198817 0.246817897802
0.854207072201 0.519659064764 0.0168643485025
-0.0345806378007
0 0 0

00000068.jpg
C:\Users\henry\Desktop\IMG_8646 (11-7-2016 11-29-42 PM)\IMG_8646 009.jpg
1990.96264648
960 540
4.5867588807 -6.2410140986 8.70431801224
-9.69031491551 -0.457763868761 6.45306886948
0.214240261277 -1.62796286918 -0.647340568724
0.635223597916 0.0937473806544 -0.712364958289 -0.283263670178
-0.175404904086 0.226307323496 -0.958132083841
-0.493435747421 0.821946480209 0.284472977639
0.851912043493 0.522675171377 -0.0325054987269
-0.0457239852832
0 0 0

00000069.jpg
C:\Users\henry\Desktop\IMG_8646 (11-7-2016 11-29-42 PM)\IMG_8646 008.jpg
2002.9309082
960 540
4.28633778107 -6.40357103589 8.98533226421
-9.71376253911 -0.461173426213 6.74868667601
0.203522291249 -1.67912894781 -0.662399139256
0.615126754423 0.0883362457845 -0.728804429863 -0.287505868835
-0.227631916771 0.224945440463 -0.947408231315
-0.482464767434 0.819074921072 0.310394976059
0.845820182887 0.527746928729 -0.0779193082757
-0.0370894277353
0 0 0

00000070.jpg
C:\Users\henry\Desktop\IMG_8646 (11-7-2016 11-29-42 PM)\IMG_8646 007.jpg
2010.03369141
960 540
3.97688648789 -6.49284739448 9.15425204196
-9.64427205765 -0.497778503328 6.96514930544
0.203239054676 -1.72638620808 -0.677239901727
0.595597327835 0.0875111147813 -0.74335113324 -0.291607431795
-0.275211560413 0.217259012375 -0.93651327457
-0.47746341624 0.814614069756 0.32929052667
0.834438519834 0.537776071149 -0.120457801646
-0.0360641191496
0 0 0

00000071.jpg
C:\Users\henry\Desktop\IMG_8646 (11-7-2016 11-29-42 PM)\IMG_8646 006.jpg
2005.59533691
960 540
3.58323332154 -6.54879474761 9.34631814272
-9.62853066126 -0.587659865643 7.07290363784
0.189797694249 -1.76638642632 -0.697861938349
0.578136877115 0.0811353393047 -0.755100648666 -0.298324304622
-0.318349523133 0.222413815943 -0.921512313267
-0.467475311423 0.808839439825 0.356715853052
0.824693810442 0.544345179809 -0.153520921971
-0.048113332527
0 0 0

00000072.jpg
C:\Users\henry\Desktop\IMG_8646 (11-7-2016 11-29-42 PM)\IMG_8646 005.jpg
2025.52355957
960 540
3.09540691883 -6.72561299768 9.50800072148
-9.66975184791 -0.58643631051 7.1672563833
0.167465974757 -1.80505157232 -0.725484719629
0.560097965765 0.0710510749601 -0.765832311657 -0.307802640337
-0.362484212215 0.235972787489 -0.901622035443
-0.453625743351 0.80041890046 0.391859755574
0.814142444061 0.551042005776 -0.183095763228
-0.030067343596
0 0 0

00000073.jpg
C:\Users\henry\Desktop\IMG_8646 (11-7-2016 11-29-42 PM)\IMG_8646 004.jpg
2013.47766113
960 540
2.77243462333 -6.8511458216 9.50849837429
-9.56050418014 -0.542090610707 7.30335964294
0.146963010775 -1.83707773805 -0.748540283648
0.54485426233 0.0619522200923 -0.77441965672 -0.315546967608
-0.398591813966 0.247900170435 -0.882989375768
-0.439808270632 0.793184221804 0.421221859715
0.804794027417 0.556241584427 -0.207127739119
-0.0340892009932
0 0 0

00000074.jpg
C:\Users\henry\Desktop\IMG_8646 (11-7-2016 11-29-42 PM)\IMG_8646 003.jpg
2028.7512207
960 540
2.69009336668 -6.99398278051 9.47588983024
-9.4615088017 -0.535311116248 7.49254407592
0.13239332103 -1.85254232649 -0.769183907689
0.535984914121 0.0556002403672 -0.777998450695 -0.323028456583
-0.419257966232 0.259763277978 -0.869911750672
-0.432790240265 0.785122618839 0.443029623157
0.798069980457 0.56223318339 -0.216745339944
-0.0288760259721
0 0 0

00000075.jpg
C:\Users\henry\Desktop\IMG_8646 (11-7-2016 11-29-42 PM)\IMG_8646 002.jpg
2016.40380859
960 540
2.69985986178 -7.10384546622 9.34362100752
-9.38715168261 -0.496692281294 7.52939581187
0.1337779996 -1.85116043533 -0.780845200243
0.534586112072 0.0561482357307 -0.776954303463 -0.327730123813
-0.422130209774 0.263151149384 -0.867500552399
-0.437648741408 0.77888090137 0.449230531
0.793895368985 0.569294799156 -0.213621446714
-0.0415673202556
0 0 0

00000076.jpg
C:\Users\henry\Desktop\IMG_8646 (11-7-2016 11-29-42 PM)\IMG_8646 001.jpg
2023.27160645
960 540
2.70328864987 -7.10211798776 9.36468952961
-9.40365324338 -0.502994141596 7.53416430603
0.133522804879 -1.8510489982 -0.780099183723
0.534758971865 0.0560452620263 -0.776964850475 -0.327441167806
-0.421783733398 0.26311390048 -0.867681086633
-0.437294508489 0.77928226228 0.44887877937
0.794274611828 0.568761606166 -0.213629896922
-0.0387862794711
0 0 0

00000077.jpg
C:\Users\henry\Desktop\IMG_8646 (11-7-2016 11-29-42 PM)\IMG_8646 078.jpg
2152.84472656
960 540
-6.98064475256 -3.82431120313 7.41958245929
0.423667057042 0.0277735685451 10.8731220539
0.174496262577 2.34913560721 0.550097455861
0.353492811382 0.0674787586095 0.908424926923 0.212726008497
-0.740978936411 -0.0277953916238 0.670952193762
0.272993067567 0.900388845338 0.338784573928
-0.613534531628 0.434197598286 -0.659581238131
-0.0151886896249
0 0 0

00000078.jpg
C:\Users\henry\Desktop\IMG_8646 (11-7-2016 11-29-42 PM)\IMG_8646 079.jpg
2139.33520508
960 540
-6.94231615342 -4.01494553342 7.7343293841
0.0207036475522 0.132287838097 11.1408040324
0.157307532789 2.40968871674 0.553364859633
0.326020957886 0.0600274757909 0.919520690099 0.21116023579
-0.780214278673 -0.0272926542925 0.624917187383
0.248077995066 0.903616116451 0.349191313322
-0.574214877346 0.42747217395 -0.698243177854
-0.0394928024641
0 0 0

00000079.jpg
C:\Users\henry\Desktop\IMG_8646 (11-7-2016 11-29-42 PM)\IMG_8646 080.jpg
2119.42163086
960 540
-6.92931839516 -3.84624536047 7.99608081568
-0.438653183069 0.241134820777 11.2470398597
0.153718426597 2.46940798776 0.52149007294
0.301744005841 0.0579594876757 0.931089557713 0.196627679093
-0.811182452696 -0.01073210824 0.584694159287
0.226592785955 0.915956413972 0.3311779871
-0.539108612477 0.401133699051 -0.740576181031
-0.0424563732266
0 0 0

00000080.jpg
C:\Users\henry\Desktop\IMG_8646 (11-7-2016 11-29-42 PM)\IMG_8646 081.jpg
2132.67041016
960 540
-6.71070499997 -3.69530271856 8.13067179175
-0.369700984765 0.19610738348 11.1634030995
0.131547299122 2.48494267394 0.49894751143
0.297259013589 0.0494891072968 0.93485457655 0.187707897413
-0.818376239733 -0.0190663259688 0.574366928112
0.204125131743 0.924633662537 0.321536404316
-0.537208868987 0.38038073719 -0.752805738164
-0.050305198637
0 0 0

00000081.jpg
C:\Users\henry\Desktop\IMG_8646 (11-7-2016 11-29-42 PM)\IMG_8646 083.jpg
2107.21923828
960 540
-6.44224652247 -4.03852655924 7.98584128775
-0.340314741088 0.303110243656 11.0171735172
0.0661626239798 2.49004640178 0.513080296631
0.294743802473 0.0248596227059 0.935597930447 0.192782296482
-0.825016099213 -0.067125149828 0.561108318133
0.16016039863 0.924433742447 0.346080250163
-0.54193844829 0.37538912906 -0.751922006849
-0.0332521804118
0 0 0

00000082.jpg
C:\Users\henry\Desktop\IMG_8646 (11-7-2016 11-29-42 PM)\IMG_8646 082.jpg
2262.65332031
960 540
-6.09085329672 -4.22648197343 9.10762836115
0.886524886285 -0.0247137803801 11.7100021975
0.0591197127811 2.461939865 0.517533353991
0.307507531353 0.022354967973 0.930934611223 0.195695158336
-0.809878520823 -0.0787324130219 0.581288104813
0.161978527128 0.922406316141 0.350613096049
-0.563789511778 0.378110380108 -0.734284267963
-0.12619661015
0 0 0

00000083.jpg
C:\Users\henry\Desktop\IMG_8646 (11-7-2016 11-29-42 PM)\IMG_8646 084.jpg
2135.22827148
960 540
-6.48046861758 -4.39821522361 8.11725841267
-0.236144848638 0.467747349501 11.2674816876
0.0147058298137 2.48133358134 0.508211896994
