00000000.jpg
C:\Users\henry\Downloads\Photo 22-01-2017, 16 11 37.jpg
3530.88525391
2016 1512
-0.0252794752487 0.0387097250472 0.283586544084
-0.0472494288112 -0.214771822319 -0.18493056184
0.726324631771 -0.0542783156544 0.437106824014
0.911153439172 0.352341985059 -0.0263305533735 0.212041667485
0.908690436143 -0.404959656619 0.10143993458
0.367850321688 0.661787761613 -0.653241708069
0.197404631626 0.630908737736 0.750324161104
-0.0125392455953
51.5889083333 -0.0588888888889 19.1965973535

00000001.jpg
C:\Users\henry\Downloads\Photo 22-01-2017, 16 11 43.jpg
3515.50805664
2016 1512
-0.141598103213 -0.942924970983 0.687072790923
0.323273602647 0.512536808577 -1.00698844643
0.430737600673 0.000453732828694 0.243999216794
0.96952233567 0.213176342804 0.000224556910935 0.120757650602
0.97083505342 -0.234058599931 0.0519207488816
0.234250357916 0.879947379847 -0.413304237553
0.0510498971185 0.413412665585 0.909111804184
-0.0214990244137
51.5889083333 -0.0588888888889 19.1965973535

00000002.jpg
C:\Users\henry\Downloads\Photo 22-01-2017, 16 11 51.jpg
3492.51733398
2016 1512
-0.633387221473 -1.98130419414 1.49939048753
0.6333872608 1.98130370146 -1.49939016296
0 0 0
1.0000000856 0 0 0
1.00000014896 -5.58685444574e-008 1.53275836468e-008
-5.58685444574e-008 1.00000028341 2.23176686021e-008
1.53275836468e-008 2.23176686021e-008 1.00000025244
-0.0433815158986
51.5889138889 -0.0588861111111 19.2943722944

00000003.jpg
C:\Users\henry\Downloads\Photo 22-01-2017, 16 11 59.jpg
3460.78344727
2016 1512
-1.29320949134 -2.52366567049 1.94169917734
0.503703493681 3.2720297244 -0.922809478656
-0.368224622768 -0.0720810435365 -0.232382981969
0.975750309147 -0.182621669249 -0.035748724224 -0.115250761215
0.970878494183 0.237968921714 -0.0276690011726
-0.211854941827 0.906733374346 0.364626519246
0.11185831368 -0.348146081659 0.930742794669
-0.0493646637666
51.5888666667 -0.0587194444444 19.2943722944

